A03 session T role train R =
[[56.657  50.7784 55.884  58.0441 56.4471 52.7955 38.5661 46.5665 51.6316 54.3142 52.6196 48.8513 43.5758 43.3951 47.1568 48.8057 48.4913 46.2769 42.4194 44.5294 43.5487 39.1488]
 [50.7784 56.9278 56.9744 54.8112 51.3739 48.1497 45.2336 56.499  56.1733 54.3222 50.506  46.6101 40.5996 52.6469 52.903  51.398  49.0863 45.9957 47.9455 48.1641 45.9216 42.7283]
 [55.884  56.9744 61.0521 60.3626 57.5029 52.9116 44.5156 56.3776 59.5834 59.7151 56.3229 51.1621 44.3106 53.471  56.1396 55.9202 54.0701 50.5477 50.8255 52.0941 50.0263 45.8372]
 [58.0441 54.8112 60.3626 63.1969 60.7135 56.6066 41.4288 52.6174 58.0957 61.6347 58.7097 54.177  46.5385 50.4471 54.4673 56.8074 55.7364 52.569  49.7168 52.1483 50.8063 45.6916]
 [56.4471 51.3739 57.5029 60.7135 60.7229 57.8266 39.6884 49.3812 55.9042 60.0008 59.6554 56.4176 49.6624 48.4199 53.429  56.5576 57.2063 55.3891 49.7812 53.0263 52.8541 47.0605]
 [52.7955 48.1497 52.9116 56.6066 57.8266 58.4258 37.4223 46.0651 51.578  56.1855 57.4633 57.273  51.6834 45.4916 49.8206 53.8676 55.7979 55.8164 47.4811 51.1151 52.1427 46.0709]
 [38.5661 45.2336 44.5156 41.4288 39.6884 37.4223 45.3991 49.8088 47.4121 43.5665 41.241  38.3389 34.838  48.9479 47.3752 44.1904 42.0982 39.7799 44.7515 43.7636 41.5893 40.3272]
 [46.5665 56.499  56.3776 52.6174 49.3812 46.0651 49.8088 64.4641 61.5699 56.7764 52.5001 48.2097 41.1398 63.6385 61.9506 58.2214 54.6629 50.8139 58.1017 57.1053 53.9672 51.5714]
 [51.6316 56.1733 59.5834 58.0957 55.9042 51.578  47.4121 61.5699 64.0121 62.6274 59.2076 53.7656 45.8905 62.3255 64.4717 63.5425 60.797  56.5566 60.9275 61.8599 59.2469 55.4765]
 [54.3142 54.3222 59.7151 61.6347 60.0008 56.1855 43.5665 56.7764 62.6274 66.1913 63.2089 58.2981 49.3919 58.2366 62.9433 65.9707 64.2679 60.3402 60.1365 63.1163 61.5491 56.1983]
 [52.6196 50.506  56.3229 58.7097 59.6554 57.4633 41.241  52.5001 59.2076 63.2089 64.1819 61.4707 53.8259 54.9431 60.6014 64.7728 65.9584 64.4621 59.4845 63.649  64.2183 57.8113]
 [48.8513 46.6101 51.1621 54.177  56.4176 57.273  38.3389 48.2097 53.7656 58.2981 61.4707 62.8985 56.9141 50.6501 55.4636 60.6356 64.0011 65.4303 55.6087 60.3486 62.8521 55.7359]
 [43.5758 40.5996 44.3106 46.5385 49.6624 51.6834 34.838  41.1398 45.8905 49.3919 53.8259 56.9141 56.4792 42.8087 47.1253 51.4352 55.698  58.7344 47.4962 51.8896 55.0841 48.7395]
 [43.3951 52.6469 53.471  50.4471 48.4199 45.4916 48.9479 63.6385 62.3255 58.2366 54.9431 50.6501 42.8087 68.5221 67.3539 64.3629 60.6489 56.3933 67.5133 66.4566 63.1966 62.1793]
 [47.1568 52.903  56.1396 54.4673 53.429  49.8206 47.3752 61.9506 64.4717 62.9433 60.6014 55.4636 47.1253 67.3539 69.8721 69.3521 66.3272 61.7585 70.0556 71.107  68.3518 65.7095]
 [48.8057 51.398  55.9202 56.8074 56.5576 53.8676 44.1904 58.2214 63.5425 65.9707 64.7728 60.6356 51.4352 64.3629 69.3521 73.1933 71.3099 67.3112 71.0034 74.5321 73.1568 68.6496]
 [48.4913 49.0863 54.0701 55.7364 57.2063 55.7979 42.0982 54.6629 60.797  64.2679 65.9584 64.0011 55.698  60.6489 66.3272 71.3099 72.6746 71.1663 68.7186 73.4982 74.6923 68.6491]
 [46.2769 45.9957 50.5477 52.569  55.3891 55.8164 39.7799 50.8139 56.5566 60.3402 64.4621 65.4303 58.7344 56.3933 61.7585 67.3112 71.1663 72.7481 64.6877 70.1412 73.5879 66.4446]
 [42.4194 47.9455 50.8255 49.7168 49.7812 47.4811 44.7515 58.1017 60.9275 60.1365 59.4845 55.6087 47.4962 67.5133 70.0556 71.0034 68.7186 64.6877 76.6006 77.454  75.4681 75.9195]
 [44.5294 48.1641 52.0941 52.1483 53.0263 51.1151 43.7636 57.1053 61.8599 63.1163 63.649  60.3486 51.8896 66.4566 71.107  74.5321 73.4982 70.1412 77.454  80.9275 80.2301 78.5893]
 [43.5487 45.9216 50.0263 50.8063 52.8541 52.1427 41.5893 53.9672 59.2469 61.5491 64.2183 62.8521 55.0841 63.1966 68.3518 73.1568 74.6923 73.5879 75.4681 80.2301 82.468  79.2786]
 [39.1488 42.7283 45.8372 45.6916 47.0605 46.0709 40.3272 51.5714 55.4765 56.1983 57.8113 55.7359 48.7395 62.1793 65.7095 68.6496 68.6491 66.4446 75.9195 78.5893 79.2786 82.4139]]

A03 session E role train R =
[[50.1242 43.9714 49.2428 51.6692 49.9431 45.6765 31.4225 39.0537 44.5007 47.4099 45.7562 41.3635 35.9974 35.5637 39.8638 41.0658 40.5775 38.417  33.9158 36.0182 35.0586 30.287 ]
 [43.9714 51.5799 50.4659 48.1868 44.5428 41.0076 37.4901 48.5673 48.8078 47.2151 43.3248 38.9905 32.8289 44.5335 45.2473 43.5829 41.0627 37.896  39.2751 39.5448 37.3422 33.7991]
 [49.2428 50.4659 54.534  53.9262 51.0562 45.7675 37.4078 48.9631 52.933  53.1679 49.9034 43.9591 36.9699 46.2127 49.5428 48.9362 46.9241 43.2893 43.1363 44.4246 42.4339 37.802 ]
 [51.6692 48.1868 53.9262 57.1928 54.5197 49.838  34.3152 45.2303 51.2374 55.2684 52.3936 47.256  39.3041 42.9653 47.5614 49.8152 48.6137 45.4506 41.7752 44.282  43.1521 37.483 ]
 [49.9431 44.5428 51.0562 54.5197 55.0139 51.3206 32.7407 42.1592 49.3828 53.8561 53.9625 50.2255 43.2094 41.259  47.0901 50.2889 51.205  49.4366 42.6852 46.1477 46.425  39.9205]
 [45.6765 41.0076 45.7675 49.838  51.3206 51.8368 30.0593 38.5156 44.356  49.414  51.0915 51.0468 45.1272 37.9349 42.7525 47.1022 49.464  49.7243 39.9486 43.7995 45.4222 38.6793]
 [31.4225 37.4901 37.4078 34.3152 32.7407 30.0593 36.8922 41.7251 40.3491 36.5832 34.4855 31.1197 27.5764 41.6054 40.6082 37.484  35.3451 32.7646 37.7526 36.8813 34.7421 33.2089]
 [39.0537 48.5673 48.9631 45.2303 42.1592 38.5156 41.7251 55.8284 54.1787 49.5809 45.5978 40.9554 33.842  56.0112 54.9141 51.4025 47.8643 43.7995 50.7485 49.9023 47.0014 44.1813]
 [44.5007 48.8078 52.933  51.2374 49.3828 44.356  40.3491 54.1787 57.9416 56.4067 53.4472 47.2352 39.2207 55.9526 58.9438 58.1113 55.4081 50.793  54.9932 56.1133 53.7973 49.3511]
 [47.4099 47.2151 53.1679 55.2684 53.8561 49.414  36.5832 49.5809 56.4067 60.4555 57.8791 52.2802 42.9348 51.6602 57.2455 60.8705 59.2915 55.0632 54.0556 57.3852 56.3307 50.039 ]
 [45.7562 43.3248 49.9034 52.3936 53.9625 51.0915 34.4855 45.5978 53.4472 57.8791 59.821  56.462  48.3418 48.8566 55.6458 60.7107 62.568  60.806  54.6502 59.372  60.7778 53.2589]
 [41.3635 38.9905 43.9591 47.256  50.2255 51.0468 31.1197 40.9554 47.2352 52.2802 56.462  58.421  51.9146 44.1311 49.708  55.982  60.525  62.1964 50.3243 55.6561 59.3531 51.1219]
 [35.9974 32.8289 36.9699 39.3041 43.2094 45.1272 27.5764 33.842  39.2207 42.9348 48.3418 51.9146 51.0277 36.1401 41.1806 46.2412 51.6845 55.0007 42.012  46.9213 51.2262 43.9998]
 [35.5637 44.5335 46.2127 42.9653 41.259  37.9349 41.6054 56.0112 55.9526 51.6602 48.8566 44.1311 36.1401 62.4947 61.8523 59.4736 55.8767 51.0866 62.5423 61.6943 58.7877 57.0621]
 [39.8638 45.2473 49.5428 47.5614 47.0901 42.7525 40.6082 54.9141 58.9438 57.2455 55.6458 49.708  41.1806 61.8523 65.3926 65.7367 62.9255 57.6101 66.0538 67.5492 65.2721 61.5906]
 [41.0658 43.5829 48.9362 49.8152 50.2889 47.1022 37.484  51.4025 58.1113 60.8705 60.7107 55.982  46.2412 59.4736 65.7367 71.4196 70.0417 65.1361 68.8886 73.3373 72.7871 66.9665]
 [40.5775 41.0627 46.9241 48.6137 51.205  49.464  35.3451 47.8643 55.4081 59.2915 62.568  60.525  51.6845 55.8767 62.9255 70.0417 72.7691 70.8768 67.3237 73.2969 76.1071 68.5592]
 [38.417  37.896  43.2893 45.4506 49.4366 49.7243 32.7646 43.7995 50.793  55.0632 60.806  62.1964 55.0007 51.0866 57.6101 65.1361 70.8768 72.6449 62.3739 68.9472 74.3459 65.751 ]
 [33.9158 39.2751 43.1363 41.7752 42.6852 39.9486 37.7526 50.7485 54.9932 54.0556 54.6502 50.3243 42.012  62.5423 66.0538 68.8886 67.3237 62.3739 75.1664 77.1221 76.0719 75.7126]
 [36.0182 39.5448 44.4246 44.282  46.1477 43.7995 36.8813 49.9023 56.1133 57.3852 59.372  55.6561 46.9213 61.6943 67.5492 73.3373 73.2969 68.9472 77.1221 81.844  82.4557 79.9138]
 [35.0586 37.3422 42.4339 43.1521 46.425  45.4222 34.7421 47.0014 53.7973 56.3307 60.7778 59.3531 51.2262 58.7877 65.2721 72.7871 76.1071 74.3459 76.0719 82.4557 86.8771 82.5712]
 [30.287  33.7991 37.802  37.483  39.9205 38.6793 33.2089 44.1813 49.3511 50.039  53.2589 51.1219 43.9998 57.0621 61.5906 66.9665 68.5592 65.751  75.7126 79.9138 82.5712 84.8963]]

A04 session T role train R =
[[31.9626 26.512  30.2622 32.3181 31.1077 28.2418 17.5846 22.6933 26.7566 28.9237 28.0568 24.9609 20.3026 19.0021 22.3493 23.335  23.0656 20.8908 15.6354 17.3892 15.6241  9.9316]
 [26.512  27.5407 28.4476 28.7455 25.9789 23.2687 20.5565 25.7058 26.9677 27.5675 24.9024 21.6681 16.592  22.5972 23.8692 23.9518 22.1058 19.1135 18.622  19.1319 16.6011 12.7592]
 [30.2622 28.4476 31.8251 32.7388 30.6188 26.9466 20.5633 26.4566 30.071  31.5586 29.5237 25.3307 19.9082 23.6563 26.7893 27.2988 25.9456 22.677  20.7266 21.997  19.5176 14.6596]
 [32.3181 28.7455 32.7388 35.843  33.6196 30.5979 19.2812 26.24   30.6815 34.1092 32.2104 28.7947 22.3363 23.4518 27.1264 29.0989 28.2129 25.2052 20.876  22.9244 20.8688 14.9198]
 [31.1077 25.9789 30.6188 33.6196 34.2597 31.6396 17.7562 23.8147 28.9399 32.3667 32.8079 30.6293 24.968  21.6442 26.0658 28.1769 28.892  27.224  20.4008 23.0154 21.9606 15.5215]
 [28.2418 23.2687 26.9466 30.5979 31.6396 31.5124 15.3926 21.2364 25.3739 29.2972 30.5799 30.8522 25.7549 19.2983 22.9129 25.7248 27.294  27.0863 18.2526 21.0835 20.9761 14.4256]
 [17.5846 20.5565 20.5633 19.2812 17.7562 15.3926 19.822  21.5463 21.2172 19.9258 18.142  15.2944 12.1442 20.6936 20.5394 19.1427 17.31   14.8694 18.014  17.2399 14.8234 13.5369]
 [22.6933 25.7058 26.4566 26.24   23.8147 21.2364 21.5463 27.1305 27.5825 27.5428 24.7329 21.5183 16.3412 26.1608 26.8341 26.4741 24.0625 20.7804 23.6235 23.4625 20.656  18.256 ]
 [26.7566 26.9677 30.071  30.6815 28.9399 25.3739 21.2172 27.5825 31.0824 32.2953 30.1176 25.7996 20.1649 26.9824 30.1492 30.653  28.7865 25.0786 26.0495 27.0784 24.3986 20.6626]
 [28.9237 27.5675 31.5586 34.1092 32.3667 29.2972 19.9258 27.5428 32.2953 36.0138 33.8085 30.0269 23.1246 26.9955 31.2368 33.7316 32.3349 28.68   26.9029 29.1592 26.9827 21.792 ]
 [28.0568 24.9024 29.5237 32.2104 32.8079 30.5799 18.142  24.7329 30.1176 33.8085 34.6052 32.5646 26.4943 24.5085 29.4595 32.2105 33.1772 31.4937 25.7301 28.793  28.2285 22.1237]
 [24.9609 21.6681 25.3307 28.7947 30.6293 30.8522 15.2944 21.5183 25.7996 30.0269 32.5646 34.1631 28.6587 21.4442 25.4812 29.0876 31.8196 32.6411 22.8804 26.3918 27.4823 20.794 ]
 [20.3026 16.592  19.9082 22.3363 24.968  25.7549 12.1442 16.3412 20.1649 23.1246 26.4943 28.6587 26.6988 16.3436 20.0585 22.7602 26.1782 28.3176 18.1372 21.4207 23.3523 17.4703]
 [19.0021 22.5972 23.6563 23.4518 21.6442 19.2983 20.6936 26.1608 26.9824 26.9955 24.5085 21.4442 16.3436 28.7328 29.3006 29.0469 26.3884 23.0087 29.4921 28.8208 26.0136 25.656 ]
 [22.3493 23.8692 26.7893 27.1264 26.0658 22.9129 20.5394 26.8341 30.1492 31.2368 29.4595 25.4812 20.0585 29.3006 32.5937 33.1158 31.0464 27.3133 31.737  32.5283 29.9645 28.1194]
 [23.335  23.9518 27.2988 29.0989 28.1769 25.7248 19.1427 26.4741 30.653  33.7316 32.2105 29.0876 22.7602 29.0469 33.1158 35.9226 34.4553 31.0327 32.8319 35.1039 33.3757 30.2593]
 [23.0656 22.1058 25.9456 28.2129 28.892  27.294  17.31   24.0625 28.7865 32.3349 33.1772 31.8196 26.1782 26.3884 31.0464 34.4553 35.581  34.1562 30.8561 34.2134 34.5224 29.8121]
 [20.8908 19.1135 22.677  25.2052 27.224  27.0863 14.8694 20.7804 25.0786 28.68   31.4937 32.6411 28.3176 23.0087 27.3133 31.0327 34.1562 35.3361 27.6898 31.5837 33.7952 28.2532]
 [15.6354 18.622  20.7266 20.876  20.4008 18.2526 18.014  23.6235 26.0495 26.9029 25.7301 22.8804 18.1372 29.4921 31.737  32.8319 30.8561 27.6898 37.0671 37.0993 35.1271 37.3204]
 [17.3892 19.1319 21.997  22.9244 23.0154 21.0835 17.2399 23.4625 27.0784 29.1592 28.793  26.3918 21.4207 28.8208 32.5283 35.1039 34.2134 31.5837 37.0993 39.8817 38.4673 38.7897]
 [15.6241 16.6011 19.5176 20.8688 21.9606 20.9761 14.8234 20.656  24.3986 26.9827 28.2285 27.4823 23.3523 26.0136 29.9645 33.3757 34.5224 33.7952 35.1271 38.4673 40.1466 39.0959]
 [ 9.9316 12.7592 14.6596 14.9198 15.5215 14.4256 13.5369 18.256  20.6626 21.792  22.1237 20.794  17.4703 25.656  28.1194 30.2593 29.8121 28.2532 37.3204 38.7897 39.0959 44.1249]]

A04 session E role train R =
[[36.1319 29.6032 33.6542 36.0257 34.7405 31.59   19.668  25.3178 29.7898 31.8656 30.8803 27.7492 21.9888 20.6942 24.0902 25.5403 24.7373 22.6086 15.9977 18.4329 16.5241  9.6992]
 [29.6032 29.6549 30.7255 31.1839 28.524  25.6003 21.6155 27.2207 28.6926 29.4292 26.6666 23.4877 17.5126 23.4184 24.6038 25.2302 22.9504 20.0532 18.442  19.4573 16.7886 12.0864]
 [33.6542 30.7255 34.7461 35.6307 33.7007 29.6993 21.9854 28.4395 32.6054 34.1095 32.0062 27.7415 21.2654 25.1367 28.3892 29.3701 27.5629 24.3287 21.2679 23.1896 20.5907 14.7682]
 [36.0257 31.1839 35.6307 38.9834 36.9617 33.7931 20.7928 28.2882 33.3033 36.7187 34.831  31.5768 23.9519 24.904  28.6326 31.1486 29.8682 27.0301 21.1739 24.0028 21.9403 14.8607]
 [34.7405 28.524  33.7007 36.9617 37.3053 34.7047 19.449  26.0171 31.8692 35.2404 35.6329 33.4071 26.6032 23.3725 28.0001 30.462  30.8659 29.2482 21.05   24.3929 23.3731 15.7845]
 [31.59   25.6003 29.6993 33.7931 34.7047 34.6009 16.8746 23.1815 27.9369 31.926  33.2056 33.5932 27.481  20.7644 24.5251 27.7342 29.1385 29.0613 18.6544 22.1717 22.2185 14.4899]
 [19.668  21.6155 21.9854 20.7928 19.449  16.8746 19.9126 22.0425 22.0741 21.0292 19.3065 16.4239 12.6933 20.7393 20.7754 19.7444 17.8035 15.416  17.6241 17.2094 14.7039 12.7523]
 [25.3178 27.2207 28.4395 28.2882 26.0171 23.1815 22.0425 28.0496 29.0162 29.2253 26.3741 23.1081 17.0787 26.8441 27.5909 27.6665 25.0276 21.7706 23.6818 23.9711 21.0496 17.9039]
 [29.7898 28.6926 32.6054 33.3033 31.8692 27.9369 22.0741 29.0162 33.4229 34.8911 32.7268 28.2536 21.5815 28.4678 32.0036 32.9518 30.881  27.1505 27.1124 28.8567 26.1319 21.5074]
 [31.8656 29.4292 34.1095 36.7187 35.2404 31.926  21.0292 29.2253 34.8911 38.6995 36.4775 32.6759 24.6522 28.7902 33.3283 36.2311 34.6304 31.009  28.1374 31.214  29.0993 22.9615]
 [30.8803 26.6666 32.0062 34.831  35.6329 33.2056 19.3065 26.3741 32.7268 36.4775 37.538  35.3869 28.2827 26.3388 31.6899 34.6978 35.7748 34.1849 27.0745 30.9666 30.6837 23.497 ]
 [27.7492 23.4877 27.7415 31.5768 33.4071 33.5932 16.4239 23.1081 28.2536 32.6759 35.3869 37.0748 30.5583 23.0951 27.4852 31.3419 34.3376 35.2639 23.9016 28.1485 29.6178 21.7232]
 [21.9888 17.5126 21.2654 23.9519 26.6032 27.481  12.6933 17.0787 21.5815 24.6522 28.2827 30.5583 28.5623 17.1716 21.2203 24.0679 27.9637 30.3665 18.6089 22.5265 25.0573 18.1672]
 [20.6942 23.4184 25.1367 24.904  23.3725 20.7644 20.7393 26.8441 28.4678 28.7902 26.3388 23.0951 17.1716 30.1243 31.0343 30.9816 28.3704 24.8513 31.2058 30.872  27.9885 27.3011]
 [24.0902 24.6038 28.3892 28.6326 28.0001 24.5251 20.7754 27.5909 32.0036 33.3283 31.6899 27.4852 21.2203 31.0343 34.7837 35.5961 33.653  29.7866 34.0222 35.4345 32.9185 30.6955]
 [25.5403 25.2302 29.3701 31.1486 30.462  27.7342 19.7444 27.6665 32.9518 36.2311 34.6978 31.3419 24.0679 30.9816 35.5961 38.5224 37.1758 33.5765 34.8148 37.8521 36.2119 32.4445]
 [24.7373 22.9504 27.5629 29.8682 30.8659 29.1385 17.8035 25.0276 30.881  34.6304 35.7748 34.3376 27.9637 28.3704 33.653  37.1758 38.8841 37.5148 33.2995 37.539  38.4274 32.9534]
 [22.6086 20.0532 24.3287 27.0301 29.2482 29.0613 15.416  21.7706 27.1505 31.009  34.1849 35.2639 30.3665 24.8513 29.7866 33.5765 37.5148 38.8978 29.8333 34.522  37.4798 30.9499]
 [15.9977 18.442  21.2679 21.1739 21.05   18.6544 17.6241 23.6818 27.1124 28.1374 27.0745 23.9016 18.6089 31.2058 34.0222 34.8148 33.2995 29.8333 39.7957 40.2909 38.3843 40.9783]
 [18.4329 19.4573 23.1896 24.0028 24.3929 22.1717 17.2094 23.9711 28.8567 31.214  30.9666 28.1485 22.5265 30.872  35.4345 37.8521 37.539  34.522  40.2909 43.255  42.6115 42.8795]
 [16.5241 16.7886 20.5907 21.9403 23.3731 22.2185 14.7039 21.0496 26.1319 29.0993 30.6837 29.6178 25.0573 27.9885 32.9185 36.2119 38.4274 37.4798 38.3843 42.6115 44.9838 43.6144]
 [ 9.6992 12.0864 14.7682 14.8607 15.7845 14.4899 12.7523 17.9039 21.5074 22.9615 23.497  21.7232 18.1672 27.3011 30.6955 32.4445 32.9534 30.9499 40.9783 42.8795 43.6144 49.4224]]

A05 session T role train R =
[[34.8573 27.3565 29.9526 31.7802 30.808  29.1012 18.4188 22.4557 25.6827 26.8616 26.7835 24.7518 21.7439 19.7892 22.046  22.6725 23.0351 22.1924 18.3462 19.5252 19.0521 15.2888]
 [27.3565 27.2946 27.3726 27.4196 25.1868 23.6401 19.9868 24.0328 24.859  25.0439 23.375  21.3828 17.8043 21.4088 21.862  22.0558 21.2139 19.7221 18.8814 19.3058 18.204  15.4632]
 [29.9526 27.3726 29.5821 29.9329 28.5004 26.032  19.8382 24.2303 26.9969 27.5217 26.5635 23.7137 20.3032 21.9274 23.8927 24.1058 23.7379 22.2032 20.3657 21.2545 20.2822 17.0231]
 [31.7802 27.4196 29.9329 32.2773 30.5849 28.9025 18.6007 23.9664 27.0566 29.2197 28.087  26.0549 21.9069 21.8179 23.9007 25.309  25.0989 23.8236 20.512  21.8339 21.1734 17.3564]
 [30.808  25.1868 28.5004 30.5849 30.7087 29.1574 17.6439 22.1175 26.0397 27.9909 28.2571 26.467  23.345  20.4505 23.396  24.5749 25.1703 24.4731 20.1003 21.7085 21.4384 17.4608]
 [29.1012 23.6401 26.032  28.9025 29.1574 29.7246 15.9854 20.6151 23.6515 26.2787 26.6573 26.7037 23.8039 19.0977 21.3577 23.2882 24.0947 24.1226 18.7534 20.4777 20.6219 16.5954]
 [18.4188 19.9868 19.8382 18.6007 17.6439 15.9854 19.6304 20.0772 19.5832 18.2852 17.3923 15.372  13.453  19.0087 18.4154 17.2526 16.4246 15.133  16.643  16.2513 15.0034 13.7346]
 [22.4557 24.0328 24.2303 23.9664 22.1175 20.6151 20.0772 23.804  23.8172 23.6576 21.8555 19.8962 16.4865 22.3998 22.1959 22.0662 20.8517 19.1986 20.1447 20.1929 18.8371 16.9073]
 [25.6827 24.859  26.9969 27.0566 26.0397 23.6515 19.5832 23.8172 26.3887 26.7148 25.6878 22.8546 19.6046 22.6516 24.4674 24.5882 23.9601 22.2796 21.7455 22.5208 21.3877 18.7568]
 [26.8616 25.0439 27.5217 29.2197 27.9909 26.2787 18.2852 23.6576 26.7148 28.9467 27.6046 25.4886 21.4079 22.6664 24.8634 26.3949 25.884  24.4048 22.2588 23.6315 22.8348 19.5337]
 [26.7835 23.375  26.5635 28.087  28.2571 26.6573 17.3923 21.8555 25.6878 27.6046 27.8193 25.9463 22.9147 21.1024 24.1325 25.3975 25.8447 25.0734 21.5546 23.2351 22.9429 19.3802]
 [24.7518 21.3828 23.7137 26.0549 26.467  26.7037 15.372  19.8962 22.8546 25.4886 25.9463 26.2577 23.5478 19.3066 21.6611 23.7737 24.6474 24.9001 19.8295 21.7167 22.0523 18.2822]
 [21.7439 17.8043 20.3032 21.9069 23.345  23.8039 13.453  16.4865 19.6046 21.4079 22.9147 23.5478 23.2052 16.0673 18.7515 20.1916 21.7068 22.677  17.0956 18.9397 19.6824 16.2152]
 [19.7892 21.4088 21.9274 21.8179 20.4505 19.0977 19.0087 22.3998 22.6516 22.6664 21.1024 19.3066 16.0673 22.6397 22.3708 22.2856 21.005  19.3553 21.4443 21.3899 19.9711 18.823 ]
 [22.046  21.862  23.8927 23.9007 23.396  21.3577 18.4154 22.1959 24.4674 24.8634 24.1325 21.6611 18.7515 22.3708 24.1322 24.2132 23.5393 21.9483 22.604  23.3093 22.1583 20.384 ]
 [22.6725 22.0558 24.1058 25.309  24.5749 23.2882 17.2526 22.0662 24.5882 26.3949 25.3975 23.7737 20.1916 22.2856 24.2132 25.7123 25.0691 23.7281 22.9622 24.2621 23.4637 21.1268]
 [23.0351 21.2139 23.7379 25.0989 25.1703 24.0947 16.4246 20.8517 23.9601 25.884  25.8447 24.6474 21.7068 21.005  23.5393 25.0691 25.368  24.6568 22.1753 23.8425 23.6264 20.788 ]
 [22.1924 19.7221 22.2032 23.8236 24.4731 24.1226 15.133  19.1986 22.2796 24.4048 25.0734 24.9001 22.677  19.3553 21.9483 23.7281 24.6568 24.996  20.7468 22.6593 23.0734 19.8383]
 [18.3462 18.8814 20.3657 20.512  20.1003 18.7534 16.643  20.1447 21.7455 22.2588 21.5546 19.8295 17.0956 21.4443 22.604  22.9622 22.1753 20.7468 22.8267 23.3472 22.244  21.8255]
 [19.5252 19.3058 21.2545 21.8339 21.7085 20.4777 16.2513 20.1929 22.5208 23.6315 23.2351 21.7167 18.9397 21.3899 23.3093 24.2621 23.8425 22.6593 23.3472 24.5649 23.7836 22.7851]
 [19.0521 18.204  20.2822 21.1734 21.4384 20.6219 15.0034 18.8371 21.3877 22.8348 22.9429 22.0523 19.6824 19.9711 22.1583 23.4637 23.6264 23.0734 22.244  23.7836 24.5019 22.2522]
 [15.2888 15.4632 17.0231 17.3564 17.4608 16.5954 13.7346 16.9073 18.7568 19.5337 19.3802 18.2822 16.2152 18.823  20.384  21.1268 20.788  19.8383 21.8255 22.7851 22.2522 23.1983]]

A05 session E role train R =
[[35.3932 29.2566 31.9274 33.3114 32.8157 31.1369 22.2879 25.7904 28.5211 29.6343 29.5699 27.9705 25.675  23.529  25.6002 26.1203 26.6074 25.707  22.2408 23.4164 23.4156 19.6386]
 [29.2566 29.7445 29.9419 29.9603 28.1268 26.8184 24.1355 27.5821 28.0849 28.3484 26.6969 25.3104 22.3646 25.3681 25.6895 25.8577 25.1632 23.8131 22.9369 23.4222 22.8363 19.9262]
 [31.9274 29.9419 32.166  32.3837 31.3279 29.0511 23.8994 27.7357 30.1029 30.5909 29.7022 27.414  24.734  25.7218 27.5487 27.6554 27.4664 26.0261 24.2049 25.1232 24.7056 21.2633]
 [33.3114 29.9603 32.3837 35.1592 33.1381 31.6249 22.6947 27.6286 30.1438 32.3006 31.1289 29.6676 26.1772 25.7981 27.5896 28.9779 28.8553 27.5743 24.4972 25.8342 25.7014 21.7878]
 [32.8157 28.1268 31.3279 33.1381 33.3679 31.8214 21.982  26.0126 29.34   31.1352 31.3681 29.9192 27.4727 24.5387 27.1647 28.22   28.8759 28.0795 24.1012 25.6856 25.8592 21.8339]
 [31.1369 26.8184 29.0511 31.6249 31.8214 32.1878 20.5324 24.7997 27.1981 29.6927 29.9436 30.1344 27.7815 23.5027 25.3716 27.2351 28.0146 27.8398 23.1092 24.7674 25.2548 21.3068]
 [22.2879 24.1355 23.8994 22.6947 21.982  20.5324 25.1983 24.5666 23.9285 22.6275 21.7693 20.2001 18.8196 23.6384 23.004  21.7531 21.0561 19.9752 21.1129 20.8448 19.9838 18.3384]
 [25.7904 27.5821 27.7357 27.6286 26.0126 24.7997 24.5666 27.7278 27.6477 27.5885 25.8129 24.4461 21.62   26.6528 26.3958 26.2691 25.187  23.7653 24.3616 24.5332 23.6625 21.3581]
 [28.5211 28.0849 30.1029 30.1438 29.34   27.1981 23.9285 27.6477 29.7688 30.0561 29.082  26.8116 24.2649 26.6879 28.2965 28.3044 27.7912 26.2968 25.6659 26.4612 25.8333 22.9184]
 [29.6343 28.3484 30.5909 32.3006 31.1352 29.6927 22.6275 27.5885 30.0561 32.221  30.8582 29.3298 25.9167 26.7468 28.5857 30.0743 29.6386 28.2747 26.1835 27.5557 27.2697 23.7624]
 [29.5699 26.6969 29.7022 31.1289 31.3681 29.9436 21.7693 25.8129 29.082  30.8582 31.1083 29.6675 27.3505 25.1801 27.875  29.0747 29.6068 28.8881 25.5292 27.1884 27.3512 23.6676]
 [27.9705 25.3104 27.414  29.6676 29.9192 30.1344 20.2001 24.4461 26.8116 29.3298 29.6675 30.128  27.8849 23.9537 25.8825 27.953  28.7532 28.8279 24.2927 26.118  26.7087 22.9773]
 [25.675  22.3646 24.734  26.1772 27.4727 27.7815 18.8196 21.62   24.2649 25.9167 27.3505 27.8849 27.8343 21.3007 23.6085 24.9764 26.3864 27.1084 22.1264 23.9028 24.7706 21.4069]
 [23.529  25.3681 25.7218 25.7981 24.5387 23.5027 23.6384 26.6528 26.6879 26.7468 25.1801 23.9537 21.3007 27.1156 26.6946 26.6062 25.3765 24.0367 25.7615 25.7971 24.7696 23.1765]
 [25.6002 25.6895 27.5487 27.5896 27.1647 25.3716 23.004  26.3958 28.2965 28.5857 27.875  25.8825 23.6085 26.6946 28.1713 28.2009 27.5878 26.2404 26.7211 27.4324 26.6796 24.5041]
 [26.1203 25.8577 27.6554 28.9779 28.22   27.2351 21.7531 26.2691 28.3044 30.0743 29.0747 27.953  24.9764 26.6062 28.2009 29.7153 29.1098 27.9677 27.1154 28.4369 28.051  25.3891]
 [26.6074 25.1632 27.4664 28.8553 28.8759 28.0146 21.0561 25.187  27.7912 29.6386 29.6068 28.7532 26.3864 25.3765 27.5878 29.1098 29.5356 28.8446 26.4528 28.0984 28.2038 25.1831]
 [25.707  23.8131 26.0261 27.5743 28.0795 27.8398 19.9752 23.7653 26.2968 28.2747 28.8881 28.8279 27.1084 24.0367 26.2404 27.9677 28.8446 29.6469 25.4193 27.2485 27.826  24.7009]
 [22.2408 22.9369 24.2049 24.4972 24.1012 23.1092 21.1129 24.3616 25.6659 26.1835 25.5292 24.2927 22.1264 25.7615 26.7211 27.1154 26.4528 25.4193 27.3863 27.7282 26.9111 26.102 ]
 [23.4164 23.4222 25.1232 25.8342 25.6856 24.7674 20.8448 24.5332 26.4612 27.5557 27.1884 26.118  23.9028 25.7971 27.4324 28.4369 28.0984 27.2485 27.7282 29.2048 28.4544 27.1181]
 [23.4156 22.8363 24.7056 25.7014 25.8592 25.2548 19.9838 23.6625 25.8333 27.2697 27.3512 26.7087 24.7706 24.7696 26.6796 28.051  28.2038 27.826  26.9111 28.4544 28.5896 26.7244]
 [19.6386 19.9262 21.2633 21.7878 21.8339 21.3068 18.3384 21.3581 22.9184 23.7624 23.6676 22.9773 21.4069 23.1765 24.5041 25.3891 25.1831 24.7009 26.102  27.1181 26.7244 27.3325]]

A06 session T role train R =
[[84.469  65.3343 75.0171 82.2032 78.8847 73.5111 41.4597 53.9204 63.7112 68.081  68.4365 63.0096 50.3475 46.602  53.4643 56.2792 56.2443 52.8758 40.6532 44.8688 41.0332 29.7148]
 [65.3343 73.6473 71.9448 67.9414 61.1927 56.8684 54.8998 70.8668 67.5483 61.9924 56.6404 50.3427 40.2228 60.9999 60.1075 55.6359 50.8587 45.5489 47.6172 46.7828 40.7923 31.8499]
 [75.0171 71.9448 78.7057 79.3707 72.9811 65.7688 50.6349 67.2374 72.7114 72.0989 67.6859 58.7757 46.3839 59.3207 64.169  63.0023 59.0827 52.6214 50.1946 52.1115 46.0986 35.4537]
 [82.2032 67.9414 79.3707 89.2066 82.6282 75.6612 42.989  59.1276 70.912  78.2824 75.3732 67.9644 51.8131 52.5694 60.7639 65.3774 63.6367 57.9461 47.0429 51.8995 47.2007 34.9117]
 [78.8847 61.1927 72.9811 82.6282 84.5173 81.197  39.0367 52.3762 65.413  73.5673 78.8288 78.2076 60.0588 47.5791 57.0963 63.0045 67.2175 66.5102 44.8535 51.3797 49.5643 34.9443]
 [73.5111 56.8684 65.7688 75.6612 81.197  83.6005 35.7978 48.0946 58.5329 67.2801 76.2408 82.8227 64.3219 43.8012 51.4138 58.5881 65.9806 69.4075 41.3102 48.2479 48.6669 33.0862]
 [41.4597 54.8998 50.6349 42.989  39.0367 35.7978 55.4211 61.6498 53.2941 43.4006 38.8729 33.8235 29.6357 57.7405 52.5517 43.767  38.6699 34.665  44.8048 40.5082 35.1418 29.7564]
 [53.9204 70.8668 67.2374 59.1276 52.3762 48.0946 61.6498 81.0729 71.5233 60.2921 52.6683 45.722  36.8397 74.4711 69.4822 60.0164 52.4966 46.0439 58.1951 54.1958 46.8883 39.1063]
 [63.7112 67.5483 72.7114 70.912  65.413  58.5329 53.2941 71.5233 75.3922 72.3008 66.045  56.5051 44.8774 68.838  72.9664 69.7548 63.574  55.7449 61.0742 61.7496 54.8623 44.5765]
 [68.081  61.9924 72.0989 78.2824 73.5673 67.2801 43.4006 60.2921 72.3008 79.8287 74.6737 66.5892 50.9172 59.3737 68.8772 73.9913 70.1625 62.8414 57.6715 62.9365 57.6897 45.1226]
 [68.4365 56.6404 67.6859 75.3732 78.8288 76.2408 38.8729 52.6683 66.045  74.6737 81.2928 82.4707 62.7372 52.2079 62.829  69.89   75.5813 75.8517 53.0705 60.7156 60.1889 43.697 ]
 [63.0096 50.3427 58.7757 67.9644 78.2076 82.8227 33.8235 45.722  56.5051 66.5892 82.4707 97.8776 73.8604 45.7672 54.2531 63.7429 77.7782 87.1597 47.2447 56.2938 60.6197 40.774 ]
 [50.3475 40.2228 46.3839 51.8131 60.0588 64.3219 29.6357 36.8397 44.8774 50.9172 62.7372 73.8604 65.2615 37.2854 43.9642 50.1545 60.9964 69.6199 39.3364 46.5601 51.2509 35.6414]
 [46.602  60.9999 59.3207 52.5694 47.5791 43.8012 57.7405 74.4711 68.838  59.3737 52.2079 45.7672 37.2854 79.3895 75.6452 66.6103 58.5181 51.8814 70.8902 66.189  59.1417 52.3807]
 [53.4643 60.1075 64.169  60.7639 57.0963 51.4138 52.5517 69.4822 72.9664 68.8772 62.829  54.2531 43.9642 75.6452 80.2096 75.7537 68.4288 60.3699 74.2321 74.1364 67.3237 58.1175]
 [56.2792 55.6359 63.0023 65.3774 63.0045 58.5881 43.767  60.0164 69.7548 73.9913 69.89   63.7429 50.1545 66.6103 75.7537 80.0548 75.4675 68.5645 71.2607 76.6829 72.2391 60.114 ]
 [56.2443 50.8587 59.0827 63.6367 67.2175 65.9806 38.6699 52.4966 63.574  70.1625 75.5813 77.7782 60.9964 58.5181 68.4288 75.4675 80.8088 81.3879 64.9428 73.2332 74.8063 57.8478]
 [52.8758 45.5489 52.6214 57.9461 66.5102 69.4075 34.665  46.0439 55.7449 62.8414 75.8517 87.1597 69.6199 51.8814 60.3699 68.5645 81.3879 90.2223 58.4439 67.9464 74.4939 54.2747]
 [40.6532 47.6172 50.1946 47.0429 44.8535 41.3102 44.8048 58.1951 61.0742 57.6715 53.0705 47.2447 39.3364 70.8902 74.2321 71.2607 64.9428 58.4439 79.082  78.7498 73.8649 69.9364]
 [44.8688 46.7828 52.1115 51.8995 51.3797 48.2479 40.5082 54.1958 61.7496 62.9365 60.7156 56.2938 46.5601 66.189  74.1364 76.6829 73.2332 67.9464 78.7498 84.1845 81.7808 74.1315]
 [41.0332 40.7923 46.0986 47.2007 49.5643 48.6669 35.1418 46.8883 54.8623 57.6897 60.1889 60.6197 51.2509 59.1417 67.3237 72.2391 74.8063 74.4939 73.8649 81.7808 86.0762 74.591 ]
 [29.7148 31.8499 35.4537 34.9117 34.9443 33.0862 29.7564 39.1063 44.5765 45.1226 43.697  40.774  35.6414 52.3807 58.1175 60.114  57.8478 54.2747 69.9364 74.1315 74.591  76.29  ]]

A06 session E role train R =
[[87.6713 68.8077 78.9201 85.986  82.6405 76.0874 42.4906 56.5372 66.8353 72.0459 71.785  65.5014 51.9079 49.3525 57.4037 59.7899 59.4031 55.5657 43.3843 46.9062 43.044  31.0109]
 [68.8077 74.7009 73.7105 71.4994 65.5997 59.9752 53.8241 69.8456 69.2029 65.4541 60.2229 53.1767 41.8086 61.5763 62.2419 58.6608 54.1027 48.4011 49.3964 48.7999 42.8509 33.1516]
 [78.9201 73.7105 82.7327 83.8078 77.9707 69.4221 49.6226 67.0433 74.7634 76.4813 71.8061 62.2056 48.5454 60.0064 66.9204 66.656  62.7981 55.8544 52.2232 54.1744 48.2891 36.856 ]
 [85.986  71.4994 83.8078 92.8796 86.8103 78.448  43.8634 61.5402 73.9097 82.1305 78.8041 70.4946 53.7332 54.9321 64.8228 68.8798 66.8819 60.7479 49.7477 53.8949 49.1883 36.2134]
 [82.6405 65.5997 77.9707 86.8103 87.3729 82.6112 40.5745 55.9907 69.0987 77.7816 81.2703 78.2405 60.4673 50.9857 61.7924 66.9003 69.6415 67.5934 48.3541 53.8408 51.4425 36.828 ]
 [76.0874 59.9752 69.4221 78.448  82.6112 84.0365 36.7613 50.6793 61.2141 70.122  77.7661 81.7335 64.2718 46.3721 55.1212 61.3563 67.5231 69.8332 44.2097 50.1326 50.0967 34.7761]
 [42.4906 53.8241 49.6226 43.8634 40.5745 36.7613 53.2054 59.176  52.4434 43.9762 39.7565 34.5905 29.6059 56.6167 51.5959 44.1354 39.4818 35.492  44.2285 40.4352 35.153  29.3999]
 [56.5372 69.8456 67.0433 61.5402 55.9907 50.6793 59.176  77.7637 71.2032 62.4132 55.3967 48.0362 38.2495 72.973  69.3102 61.8246 54.9764 48.3895 58.6285 55.4618 48.376  40.2215]
 [66.8353 69.2029 74.7634 73.9097 69.0987 61.2141 52.4434 71.2032 76.1705 74.7765 68.6028 58.7164 46.1987 68.6202 73.9445 71.7445 65.8227 57.7724 61.9323 62.6261 55.7812 45.1297]
 [72.0459 65.4541 76.4813 82.1305 77.7816 70.122  43.9762 62.4132 74.7765 83.1698 77.7801 68.7714 52.5624 60.8388 72.0189 76.9281 72.8655 65.0517 59.7916 64.383  58.8994 45.9323]
 [71.785  60.2229 71.8061 78.8041 81.2703 77.7661 39.7565 55.3967 68.6028 77.7801 83.0326 82.3242 63.304  54.5587 66.4153 73.0156 77.4411 76.6141 56.1475 62.8523 61.6788 45.5557]
 [65.5014 53.1767 62.2056 70.4946 78.2405 81.7335 34.5905 48.0362 58.7164 68.7714 82.3242 93.377  72.2604 47.9453 57.4922 66.0431 77.7653 85.175  50.3584 58.2731 61.5349 42.9935]
 [51.9079 41.8086 48.5454 53.7332 60.4673 64.2718 29.6059 38.2495 46.1987 52.5624 63.304  72.2604 63.7357 38.6676 45.9924 51.8196 61.5387 69.2822 41.1451 47.7039 51.6598 36.473 ]
 [49.3525 61.5763 60.0064 54.9321 50.9857 46.3721 56.6167 72.973  68.6202 60.8388 54.5587 47.9453 38.6676 77.9578 74.5579 67.4918 60.4011 54.0014 70.5619 66.7015 59.6528 52.6027]
 [57.4037 62.2419 66.9204 64.8228 61.7924 55.1212 51.5959 69.3102 73.9445 72.0189 66.4153 57.4922 45.9924 74.5579 80.2459 77.9837 71.3333 63.1819 74.6111 75.0942 68.099  58.3353]
 [59.7899 58.6608 66.656  68.8798 66.9003 61.3563 44.1354 61.8246 71.7445 76.9281 73.0156 66.0431 51.8196 67.4918 77.9837 82.9771 78.3056 71.0274 73.4653 78.4292 73.3394 61.0433]
 [59.4031 54.1027 62.7981 66.8819 69.6415 67.5231 39.4818 54.9764 65.8227 72.8655 77.4411 77.7653 61.5387 60.4011 71.3333 78.3056 82.5665 82.2211 68.0735 75.4757 75.8735 59.6384]
 [55.5657 48.4011 55.8544 60.7479 67.5934 69.8332 35.492  48.3895 57.7724 65.0517 76.6141 85.175  69.2822 54.0014 63.1819 71.0274 82.2211 89.9698 61.8457 70.4098 75.5713 56.6151]
 [43.3843 49.3964 52.2232 49.7477 48.3541 44.2097 44.2285 58.6285 61.9323 59.7916 56.1475 50.3584 41.1451 70.5619 74.6111 73.4653 68.0735 61.8457 80.6311 81.0445 75.4825 71.0355]
 [46.9062 48.7999 54.1744 53.8949 53.8408 50.1326 40.4352 55.4618 62.6261 64.383  62.8523 58.2731 47.7039 66.7015 75.0942 78.4292 75.4757 70.4098 81.0445 88.954  82.7391 75.3281]
 [43.044  42.8509 48.2891 49.1883 51.4425 50.0967 35.153  48.376  55.7812 58.8994 61.6788 61.5349 51.6598 59.6528 68.099  73.3394 75.8735 75.5713 75.4825 82.7391 85.2903 74.5946]
 [31.0109 33.1516 36.856  36.2134 36.828  34.7761 29.3999 40.2215 45.1297 45.9323 45.5557 42.9935 36.473  52.6027 58.3353 61.0433 59.6384 56.6151 71.0355 75.3281 74.5946 75.8583]]

A07 session T role train R =
[[29.0371 22.2732 27.1777 28.942  28.2672 25.7047 12.2773 17.9485 22.8206 24.9759 24.8364 22.0454 18.2086 15.3238 18.7878 20.087  20.2587 19.1218 14.7174 16.7152 16.24   12.1836]
 [22.2732 23.94   25.1292 24.1874 21.6863 19.0359 15.2168 21.0041 22.5878 22.6689 20.3631 17.4708 13.3238 18.2205 19.3386 19.5333 18.0377 15.9985 15.8235 16.6332 15.0842 12.2486]
 [27.1777 25.1292 29.8449 29.8759 28.0404 24.1403 15.281  22.1945 27.07   28.4453 26.5749 22.3594 17.4659 19.9637 23.3973 24.2388 23.121  20.7034 19.018  20.7268 19.236  15.3951]
 [28.942  24.1874 29.8759 32.5612 31.0582 27.8164 13.631  21.1707 27.1127 30.6769 29.1384 25.5146 19.7385 19.3179 23.3988 25.6863 25.0655 22.9576 19.1428 21.5364 20.5657 16.0007]
 [28.2672 21.6863 28.0404 31.0582 32.1818 29.5015 12.5709 19.2116 25.9535 29.6879 30.2522 27.3658 22.2306 18.0146 22.9655 25.3942 26.0249 24.7736 18.9412 21.7708 21.47   16.4411]
 [25.7047 19.0359 24.1403 27.8164 29.5015 30.2065 10.5129 16.7262 22.2232 26.2998 27.9822 27.8237 23.695  15.7436 19.8603 22.8942 24.4366 24.622  16.7874 19.7167 20.307  15.1783]
 [12.2773 15.2168 15.281  13.631  12.5709 10.5129 13.9789 16.2628 16.0228 14.5647 13.0663 10.7529  8.5095 15.7971 15.551  14.4123 12.8571 11.0621 13.7808 13.4767 11.6725 10.5272]
 [17.9485 21.0041 22.1945 21.1707 19.2116 16.7262 16.2628 22.5163 23.3505 22.7625 20.0733 17.1475 12.827  21.964  22.4541 22.1421 19.8428 17.2033 19.9418 20.1783 17.8632 15.8306]
 [22.8206 22.5878 27.07   27.1127 25.9535 22.2232 16.0228 23.3505 28.596  29.8594 27.4495 22.9725 17.7146 23.732  27.6201 28.6362 26.5983 23.3    24.2927 25.9766 23.7074 20.3845]
 [24.9759 22.6689 28.4453 30.6769 29.6879 26.2998 14.5647 22.7625 29.8594 34.1706 31.4782 27.1709 20.6314 23.3873 28.7431 31.875  30.2213 26.937  25.2356 28.1251 26.4107 21.8481]
 [24.8364 20.3631 26.5749 29.1384 30.2522 27.9822 13.0663 20.0733 27.4495 31.4782 32.0526 29.1751 23.5349 20.7276 26.5867 29.7824 30.35   28.7703 23.4479 26.8459 26.4978 21.2206]
 [22.0454 17.4708 22.3594 25.5146 27.3658 27.8237 10.7529 17.1475 22.9725 27.1709 29.1751 29.7758 25.2516 17.7914 22.5493 26.3051 28.3997 28.9786 20.4619 24.002  25.0621 19.4619]
 [18.2086 13.3238 17.4659 19.7385 22.2306 23.695   8.5095 12.827  17.7146 20.6314 23.5349 25.2516 24.6596 13.2784 17.4969 20.2405 22.9947 24.7646 15.9114 19.0429 20.8021 15.959 ]
 [15.3238 18.2205 19.9637 19.3179 18.0146 15.7436 15.7971 21.964  23.732  23.3873 20.7276 17.7914 13.2784 24.7528 25.6235 25.4674 22.6422 19.4579 25.0311 24.9542 22.0192 21.1649]
 [18.7878 19.3386 23.3973 23.3988 22.9655 19.8603 15.551  22.4541 27.6201 28.7431 26.5867 22.5493 17.4969 25.6235 29.8368 31.0134 28.5223 24.8367 28.6238 30.1798 27.4013 25.3192]
 [20.087  19.5333 24.2388 25.6863 25.3942 22.8942 14.4123 22.1421 28.6362 31.875  29.7824 26.3051 20.2405 25.4674 31.0134 34.5728 32.325  28.7154 29.9762 32.9617 30.832  27.4769]
 [20.2587 18.0377 23.121  25.0655 26.0249 24.4366 12.8571 19.8428 26.5983 30.2213 30.35   28.3997 22.9947 22.6422 28.5223 32.325  32.6704 30.8373 27.5418 31.224  30.9517 26.4672]
 [19.1218 15.9985 20.7034 22.9576 24.7736 24.622  11.0621 17.2033 23.3    26.937  28.7703 28.9786 24.7646 19.4579 24.8367 28.7154 30.8373 31.2255 24.0714 27.9612 29.2795 24.1085]
 [14.7174 15.8235 19.018  19.1428 18.9412 16.7874 13.7808 19.9418 24.2927 25.2356 23.4479 20.4619 15.9114 25.0311 28.6238 29.9762 27.5418 24.0714 30.7154 31.6898 28.8902 29.5895]
 [16.7152 16.6332 20.7268 21.5364 21.7708 19.7167 13.4767 20.1783 25.9766 28.1251 26.8459 24.002  19.0429 24.9542 30.1798 32.9617 31.224  27.9612 31.6898 34.3385 32.2845 31.3772]
 [16.24   15.0842 19.236  20.5657 21.47   20.307  11.6725 17.8632 23.7074 26.4107 26.4978 25.0621 20.8021 22.0192 27.4013 30.832  30.9517 29.2795 28.8902 32.2845 32.4128 30.2881]
 [12.1836 12.2486 15.3951 16.0007 16.4411 15.1783 10.5272 15.8306 20.3845 21.8481 21.2206 19.4619 15.959  21.1649 25.3192 27.4769 26.4672 24.1085 29.5895 31.3772 30.2881 33.5324]]

A07 session E role train R =
[[37.2744 27.6754 33.7647 36.0085 34.7593 30.9551 13.8483 21.7527 27.6594 29.9237 29.8268 25.8818 21.4183 17.6756 22.1524 23.499  23.9734 22.2834 16.5136 19.094  18.6619 12.8635]
 [27.6754 29.4892 30.8862 29.5652 25.9343 22.138  17.3366 25.367  27.235  26.7059 23.9819 19.7125 14.9099 21.2455 22.7544 22.7675 20.8905 18.0186 17.9445 18.6732 16.9184 12.6683]
 [33.7647 30.8862 36.8598 37.0528 34.2126 28.7524 17.3511 27.1111 33.1826 34.5308 32.2846 26.2238 20.5755 23.7689 28.3784 29.2983 27.9973 24.5187 22.4122 24.562  22.8655 17.1612]
 [36.0085 29.5652 37.0528 40.6721 38.2301 33.4553 15.2628 25.7177 33.1982 37.4918 35.6411 30.3318 23.593  22.8363 28.3499 31.0928 30.5912 27.5059 22.4744 25.729  24.6747 18.0267]
 [34.7593 25.9343 34.2126 38.2301 39.4054 36.0202 13.6631 22.8647 31.2977 36.105  37.1248 33.3857 27.3208 20.9287 27.5337 30.5827 31.9813 30.2097 22.0453 26.0994 25.9745 18.6817]
 [30.9551 22.138  28.7524 33.4553 36.0202 36.4586 10.9942 19.4101 26.2583 31.5189 33.9534 34.1404 29.1386 17.8657 23.3823 27.164  29.827  30.037  19.1621 23.4695 24.4664 17.1749]
 [13.8483 17.3366 17.3511 15.2628 13.6631 10.9942 15.0637 18.0421 17.7763 15.765  14.0894 10.9045  8.4238 17.0793 16.8646 15.5067 13.5371 11.1724 14.4714 13.7699 11.766   9.7849]
 [21.7527 25.367  27.1111 25.7177 22.8647 19.4101 18.0421 26.7101 28.0693 27.05   23.8869 19.5764 14.574  25.6583 26.6312 26.2986 23.3721 19.7461 23.1228 23.2237 20.5696 17.1731]
 [27.6594 27.235  33.1826 33.1982 31.2977 26.2583 17.7763 28.0693 34.6788 36.1121 33.2737 26.9673 20.9887 28.077  33.2654 34.6194 32.2367 27.703  28.7033 30.9803 28.3854 23.1919]
 [29.9237 26.7059 34.5308 37.4918 36.105  31.5189 15.765  27.05   36.1121 41.9068 38.8825 32.836  25.3311 27.6406 35.0109 39.2907 37.7367 33.163  30.2718 34.6505 32.7899 25.8024]
 [29.8268 23.9819 32.2846 35.6411 37.1248 33.9534 14.0894 23.8869 33.2737 38.8825 39.6553 35.9358 29.2479 24.5318 32.4834 36.8176 38.0912 35.6792 28.1611 33.369  33.0705 25.2656]
 [25.8818 19.7125 26.2238 30.3318 33.3857 34.1404 10.9045 19.5764 26.9673 32.836  35.9358 37.6007 32.1889 20.2833 26.77   31.749  35.3918 36.2363 23.8487 29.4091 31.0453 22.8837]
 [21.4183 14.9099 20.5755 23.593  27.3208 29.1386  8.4238 14.574  20.9887 25.3311 29.2479 32.1889 31.0572 15.1356 20.9733 24.7342 28.9901 31.2768 18.6744 23.7258 26.1101 19.093 ]
 [17.6756 21.2455 23.7689 22.8363 20.9287 17.8657 17.0793 25.6583 28.077  27.6406 24.5318 20.2833 15.1356 28.8585 30.3767 30.453  26.8451 22.57   29.4028 29.2857 25.8294 23.8194]
 [22.1524 22.7544 28.3784 28.3499 27.5337 23.3823 16.8646 26.6312 33.2654 35.0109 32.4834 26.77   20.9733 30.3767 36.0988 38.0285 35.0563 30.0177 34.3074 36.793  33.5039 29.693 ]
 [23.499  22.7675 29.2983 31.0928 30.5827 27.164  15.5067 26.2986 34.6194 39.2907 36.8176 31.749  24.7342 30.453  38.0285 42.8949 40.5313 35.3967 36.5177 41.3543 38.7242 33.2531]
 [23.9734 20.8905 27.9973 30.5912 31.9813 29.827  13.5371 23.3721 32.2367 37.7367 38.0912 35.3918 28.9901 26.8451 35.0563 40.5313 41.4748 38.7613 33.4751 39.6508 39.3778 32.3424]
 [22.2834 18.0186 24.5187 27.5059 30.2097 30.037  11.1724 19.7461 27.703  33.163  35.6792 36.2363 31.2768 22.57   30.0177 35.3967 38.7613 39.0649 28.7998 35.225  36.9994 29.4023]
 [16.5136 17.9445 22.4122 22.4744 22.0453 19.1621 14.4714 23.1228 28.7033 30.2718 28.1611 23.8487 18.6744 29.4028 34.3074 36.5177 33.4751 28.7998 36.6682 38.6672 35.192  34.7732]
 [19.094  18.6732 24.562  25.729  26.0994 23.4695 13.7699 23.2237 30.9803 34.6505 33.369  29.4091 23.7258 29.2857 36.793  41.3543 39.6508 35.225  38.6672 43.9737 41.6156 39.0804]
 [18.6619 16.9184 22.8655 24.6747 25.9745 24.4664 11.766  20.5696 28.3854 32.7899 33.0705 31.0453 26.1101 25.8294 33.5039 38.7242 39.3778 36.9994 35.192  41.6156 41.815  37.803 ]
 [12.8635 12.6683 17.1612 18.0267 18.6817 17.1749  9.7849 17.1731 23.1919 25.8024 25.2656 22.8837 19.093  23.8194 29.693  33.2531 32.3424 29.4023 34.7732 39.0804 37.803  40.3695]]

A08 session T role train R =
[[103.8843  89.0822 101.4362 107.5297 104.3014  99.1038  54.0693  73.0032  90.2789  99.1298  94.5424  83.6594  72.0937  53.4986  73.1105  79.3395  78.0627  69.4484  54.5547  64.7114  61.0913  47.2613]
 [ 89.0822  86.4106  92.7478  94.2835  88.2491  82.7469  57.3303  74.7974  85.3412  89.6365  82.1633  71.4143  60.5351  58.3747  70.9625  74.0593  70.1648  61.0476  54.5658  61.3844  56.447   45.5104]
 [101.4362  92.7478 104.5269 108.0944 102.5991  95.4158  58.7376  79.0895  95.952  103.3257  95.9497  82.7424  70.265   61.2335  80.1346  85.3682  81.8134  71.2737  61.5826  71.0183  65.8955  52.8007]
 [107.5297  94.2835 108.0944 115.8721 110.8916 104.3732  57.2761  79.2588  98.9301 110.2026 103.3086  90.4331  76.1562  60.8099  82.6358  90.5977  87.7949  77.0959  63.7179  74.9361  70.2881  55.6397]
 [104.3014  88.2491 102.5991 110.8916 110.4576 105.7228  54.1989  74.3171  94.5541 106.3286 104.0019  94.2603  81.3591  58.2486  80.6797  89.3635  89.9006  82.2667  63.8505  75.8132  73.1222  58.0138]
 [ 99.1038  82.7469  95.4158 104.3732 105.7228 105.0674  50.3597  69.3476  87.5196  99.5965  99.9879  95.4293  84.2765  54.4285  74.998   84.6169  87.7475  83.8516  60.4743  72.5534  71.9836  56.7636]
 [ 54.0693  57.3303  58.7376  57.2761  54.1989  50.3597  51.1456  58.5306  59.7792  58.0499  53.0968  45.8545  39.9749  57.1567  56.5103  53.4386  48.7372  42.2864  48.5911  48.4241  42.9933  39.0843]
 [ 73.0032  74.7974  79.0895  79.2588  74.3171  69.3476  58.5306  73.743   79.4474  80.4053  72.8726  63.1489  53.5531  69.0969  73.4375  72.7474  66.7889  57.8094  62.041   64.567   58.1474  51.5132]
 [ 90.2789  85.3412  95.952   98.9301  94.5541  87.5196  59.7792  79.4474  95.3912 101.9475  93.9976  80.9797  69.0361  71.4111  87.7458  92.1047  86.4899  75.3652  73.5976  81.464   75.0093  64.5571]
 [ 99.1298  89.6365 103.3257 110.2026 106.3286  99.5965  58.0499  80.4053 101.9475 115.1468 107.1401  93.9884  79.7111  69.922   94.0382 104.3011  99.7254  88.1132  79.2022  91.65    86.0671  72.0939]
 [ 94.5424  82.1633  95.9497 103.3086 104.0019  99.9879  53.0968  72.8726  93.9976 107.1401 107.3511 100.7192  88.7495  63.4987  87.7076  99.4895 102.6781  98.2337  76.0767  90.1687  89.531   73.71  ]
 [ 83.6594  71.4143  82.7424  90.4331  94.2603  95.4293  45.8545  63.1489  80.9797  93.9884 100.7192 104.9441  96.86    55.6379  77.1261  90.7984 101.4116 106.5918  69.982   85.1341  90.147   72.8003]
 [ 72.0937  60.5351  70.265   76.1562  81.3591  84.2765  39.9749  53.5531  69.0361  79.7111  88.7495  96.86    95.6675  47.804   67.1403  79.7149  92.4478 102.0016  62.8047  77.3555  84.9811  68.7396]
 [ 53.4986  58.3747  61.2335  60.8099  58.2486  54.4285  57.1567  69.0969  71.4111  69.922   63.4987  55.6379  47.804   82.8265  78.7386  74.7481  66.482   58.0225  76.8299  74.2286  66.1129  66.3687]
 [ 73.1105  70.9625  80.1346  82.6358  80.6797  74.998   56.5103  73.4375  87.7458  94.0382  87.7076  77.1261  67.1403  78.7386  92.5903  97.0815  90.2419  80.2417  87.4327  93.7222  86.7472  81.0814]
 [ 79.3395  74.0593  85.3682  90.5977  89.3635  84.6169  53.4386  72.7474  92.1047 104.3011  99.4895  90.7984  79.7149  74.7481  97.0815 109.1971 105.1023  96.6454  93.0296 105.4944 101.1051  91.2877]
 [ 78.0627  70.1648  81.8134  87.7949  89.9006  87.7475  48.7372  66.7889  86.4899  99.7254 102.6781 101.4116  92.4478  66.482   90.2419 105.1023 111.0719 111.2162  87.5395 103.1613 105.6647  91.3563]
 [ 69.4484  61.0476  71.2737  77.0959  82.2667  83.8516  42.2864  57.8094  75.3652  88.1132  98.2337 106.5918 102.0016  58.0225  80.2417  96.6454 111.2162 121.8733  80.9616  98.1976 107.3096  90.4793]
 [ 54.5547  54.5658  61.5826  63.7179  63.8505  60.4743  48.5911  62.041   73.5976  79.2022  76.0767  69.982   62.8047  76.8299  87.4327  93.0296  87.5395  80.9616  94.9208  99.1176  94.1295  97.0597]
 [ 64.7114  61.3844  71.0183  74.9361  75.8132  72.5534  48.4241  64.567   81.464   91.65    90.1687  85.1341  77.3555  74.2286  93.7222 105.4944 103.1613  98.1976  99.1176 110.3692 108.0823 104.9492]
 [ 61.0913  56.447   65.8955  70.2881  73.1222  71.9836  42.9933  58.1474  75.0093  86.0671  89.531   90.147   84.9811  66.1129  86.7472 101.1051 105.6647 107.3096  94.1295 108.0823 112.2839 106.5056]
 [ 47.2613  45.5104  52.8007  55.6397  58.0138  56.7636  39.0843  51.5132  64.5571  72.0939  73.71    72.8003  68.7396  66.3687  81.0814  91.2877  91.3563  90.4793  97.0597 104.9492 106.5056 115.7516]]

A08 session E role train R =
[[ 92.1844  79.9993  89.3945  94.2011  90.55    85.0057  49.2888  63.5363  78.4907  85.3936  79.83    70.9505  62.993   47.7693  63.0963  69.0616  66.2952  60.4265  47.4692  55.6627  52.7243  40.3415]
 [ 79.9993  78.2696  82.567   83.671   77.653   72.3032  53.0539  66.7377  75.3789  78.6141  70.8115  62.2827  54.2318  53.42    62.9447  66.0413  61.3621  54.799   49.3054  54.5341  50.3292  40.6513]
 [ 89.3945  82.567   91.4372  93.8571  88.5875  81.4788  53.5406  69.0165  83.2771  88.7762  81.2222  70.5408  61.7273  54.9931  69.6271  74.6091  70.1364  62.6151  54.3513  61.8289  57.504   45.7918]
 [ 94.2011  83.671   93.8571 100.1698  95.0325  88.8467  51.4045  68.3983  84.9008  94.0297  86.5682  76.6459  66.2807  53.8118  70.516   78.4028  74.432   67.0524  55.1186  64.2893  60.5705  47.2724]
 [ 90.55    77.653   88.5875  95.0325  94.0551  89.3313  48.5869  63.6816  80.8977  90.2847  87.432   79.8667  70.7163  51.2547  68.6775  77.1397  76.449   71.6446  55.1507  65.2323  63.4249  49.4649]
 [ 85.0057  72.3032  81.4788  88.8467  89.3313  88.531   44.7553  59.0781  74.1239  84.1647  83.8057  81.0157  72.9576  47.6636  63.1862  72.7627  74.5181  72.9481  51.892   62.2394  62.5844  48.4049]
 [ 49.2888  53.0539  53.5406  51.4045  48.5869  44.7553  49.778   55.299   54.7859  52.0666  47.372   41.2257  37.0045  54.0664  52.6276  48.9892  44.382   39.2895  46.2728  44.9791  39.8996  37.1925]
 [ 63.5363  66.7377  69.0165  68.3983  63.6816  59.0781  55.299   67.3964  70.0284  69.621   62.3169  54.5472  47.2453  64.202   66.013   64.7131  58.5932  51.6102  57.2943  58.0809  52.0845  47.0313]
 [ 78.4907  75.3789  83.2771  84.9008  80.8977  74.1239  54.7859  70.0284  82.7683  87.3453  80.0322  69.3716  60.5686  64.0165  76.4779  80.4702  74.8662  66.4636  65.3439  71.4983  65.8038  56.3527]
 [ 85.3936  78.6141  88.7762  94.0297  90.2847  84.1647  52.0666  69.621   87.3453  97.974   90.7036  80.5632  69.607   62.0772  80.4026  90.4327  85.8608  77.4847  69.1019  79.616   75.115   61.8047]
 [ 79.83    70.8115  81.2222  86.5682  87.432   83.8057  47.372   62.3169  80.0322  90.7036  91.7758  87.2054  77.8698  56.3963  75.1444  86.8194  89.6751  87.4188  66.9858  79.6483  80.0821  64.451 ]
 [ 70.9505  62.2827  70.5408  76.6459  79.8667  81.0157  41.2257  54.5472  69.3716  80.5632  87.2054  91.1475  83.74    49.6998  66.0216  79.6123  88.442   93.2739  61.2406  75.0844  80.3997  63.0297]
 [ 62.993   54.2318  61.7273  66.2807  70.7163  72.9576  37.0045  47.2453  60.5686  69.607   77.8698  83.74    81.5762  43.089   58.0508  69.9037  80.0651  87.283   54.5458  67.6341  74.5354  58.3902]
 [ 47.7693  53.42    54.9931  53.8118  51.2547  47.6636  54.0664  64.202   64.0165  62.0772  56.3963  49.6998  43.089   73.6267  70.3487  66.6823  59.7508  52.491   69.3934  66.6473  59.1323  59.5981]
 [ 63.0963  62.9447  69.6271  70.516   68.6775  63.1862  52.6276  66.013   76.4779  80.4026  75.1444  66.0216  58.0508  70.3487  80.2031  83.6028  77.8143  69.5508  76.5086  81.1299  74.6041  69.129 ]
 [ 69.0616  66.0413  74.6091  78.4028  77.1397  72.7627  48.9892  64.7131  80.4702  90.4327  86.8194  79.6123  69.9037  66.6823  83.6028  95.1607  91.9852  85.1161  80.7427  91.7202  88.0294  77.1656]
 [ 66.2952  61.3621  70.1364  74.432   76.449   74.5181  44.382   58.5932  74.8662  85.8608  89.6751  88.442   80.0651  59.7508  77.8143  91.9852  97.4243  97.285   76.813   91.0785  93.7543  78.7427]
 [ 60.4265  54.799   62.6151  67.0524  71.6446  72.9481  39.2895  51.6102  66.4636  77.4847  87.4188  93.2739  87.283   52.491   69.5508  85.1161  97.285  104.5778  70.4345  86.3574  94.5064  76.71  ]
 [ 47.4692  49.3054  54.3513  55.1186  55.1507  51.892   46.2728  57.2943  65.3439  69.1019  66.9858  61.2406  54.5458  69.3934  76.5086  80.7427  76.813   70.4345  83.2896  86.5698  81.334   82.9845]
 [ 55.6627  54.5341  61.8289  64.2893  65.2323  62.2394  44.9791  58.0809  71.4983  79.616   79.6483  75.0844  67.6341  66.6473  81.1299  91.7202  91.0785  86.3574  86.5698  96.6488  94.6112  89.6784]
 [ 52.7243  50.3292  57.504   60.5705  63.4249  62.5844  39.8996  52.0845  65.8038  75.115   80.0821  80.3997  74.5354  59.1323  74.6041  88.0294  93.7543  94.5064  81.334   94.6112  98.7978  90.2283]
 [ 40.3415  40.6513  45.7918  47.2724  49.4649  48.4049  37.1925  47.0313  56.3527  61.8047  64.451   63.0297  58.3902  59.5981  69.129   77.1656  78.7427  76.71    82.9845  89.6784  90.2283  96.9262]]

A09 session T role train R =
[[ 91.2772  73.8362  85.6207  92.4305  89.6006  83.3484  43.8342  60.5362  75.3306  83.6448  81.2271  72.671   61.6775  44.6735  59.54    67.4547  68.637   63.7095  43.5086  53.7516  54.5449  40.7386]
 [ 73.8362  81.5374  83.731   80.6934  72.5632  64.7511  60.406   83.1253  82.9628  79.9039  69.3337  57.0609  45.8194  70.3467  71.9974  69.8442  62.6059  52.3474  57.382   59.5702  53.8771  48.1168]
 [ 85.6207  83.731   94.0332  95.3661  87.5392  77.5623  57.0402  81.5026  91.7848  94.8675  84.5803  69.956   56.5717  68.3008  78.9657  82.0331  75.9771  64.711   62.1302  69.2032  64.5028  54.8599]
 [ 92.4305  80.6934  95.3661 103.0208  97.0949  88.0934  49.474   71.9662  89.6344 100.0079  93.0365  80.4735  65.2769  57.8253  74.9758  84.2983  82.2462  73.3232  57.9267  69.4532  67.9881  54.0098]
 [ 89.6006  72.5632  87.5392  97.0949  99.0841  94.7375  43.8533  62.9892  82.478   95.0927  97.687   92.9277  77.3937  51.7218  71.2221  83.4022  89.0205  87.462   57.4322  71.8453  75.3145  57.8366]
 [ 83.3484  64.7511  77.5623  88.0934  94.7375  97.3397  37.9294  54.3396  72.2242  85.7788  95.1809  99.9207  85.9269  44.253   62.8772  76.9008  88.7257  94.8925  52.028   67.8094  76.0173  55.97  ]
 [ 43.8342  60.406   57.0402  49.474   43.8533  37.9294  62.1229  78.5746  66.463   55.1193  45.4035  35.0087  27.5631  80.0123  67.8376  56.421   46.1047  35.7819  61.8639  55.0676  45.6149  49.5511]
 [ 60.5362  83.1253  81.5026  71.9662  62.9892  54.3396  78.5746 112.3747  97.342   82.4746  66.5716  51.3153  39.411  111.8266  97.8872  83.6692  68.0924  52.7144  85.5859  79.2392  66.4061  69.1787]
 [ 75.3306  82.9628  91.7848  89.6344  82.478   72.2242  66.463   97.342  103.5398 102.3216  88.0602  70.7276  56.0367  95.6941 102.3806 101.4502  88.8448  72.6107  89.6865  94.2218  83.9667  79.7686]
 [ 83.6448  79.9039  94.8675 100.0079  95.0927  85.7788  55.1193  82.4746 102.3216 113.4103 102.3852  86.8059  69.2164  78.6916  99.2054 110.1619 102.4425  88.26    86.6569 100.1361  94.0663  82.5861]
 [ 81.2271  69.3337  84.5803  93.0365  97.687   95.1809  45.4035  66.5716  88.0602 102.3852 109.1462 109.2668  89.7131  63.3182  86.2449 102.0675 111.4209 113.5045  78.5511  96.8014 102.0607  82.8866]
 [ 72.671   57.0609  69.956   80.4735  92.9277  99.9207  35.0087  51.3153  70.7276  86.8059 109.2668 130.7527 110.4543  47.982   69.6571  89.0129 114.2896 136.2977  65.7314  87.0711 103.5502  76.4968]
 [ 61.6775  45.8194  56.5717  65.2769  77.3937  85.9269  27.5631  39.411   56.0367  69.2164  89.7131 110.4543 102.3108  35.9314  54.9809  71.6192  95.097  117.1229  52.1504  71.5533  88.9839  64.6236]
 [ 44.6735  70.3467  68.3008  57.8253  51.7218  44.253   80.0123 111.8266  95.6941  78.6916  63.3182  47.982   35.9314 134.1297 115.1117  97.095   76.9122  58.3934 117.8817 105.5685  86.9874 101.645 ]
 [ 59.54    71.9974  78.9657  74.9758  71.2221  62.8772  67.8376  97.8872 102.3806  99.2054  86.2449  69.6571  54.9809 115.1117 120.3372 118.1347 101.3941  82.2714 122.3533 124.5748 109.3832 115.119 ]
 [ 67.4547  69.8442  82.0331  84.2983  83.4022  76.9008  56.421   83.6692 101.4502 110.1619 102.0675  89.0129  71.6192  97.095  118.1347 130.0252 119.9196 104.1949 121.0762 135.4704 126.2792 122.4522]
 [ 68.637   62.6059  75.9771  82.2462  89.0205  88.7257  46.1047  68.0924  88.8448 102.4425 111.4209 114.2896  95.097   76.9122 101.3941 119.9196 130.6204 133.4328 106.1058 127.4466 134.0126 117.9372]
 [ 63.7095  52.3474  64.711   73.3232  87.462   94.8925  35.7819  52.7144  72.6107  88.26   113.5045 136.2977 117.1229  58.3934  82.2714 104.1949 133.4328 158.1316  88.3508 113.4044 134.0449 107.6154]
 [ 43.5086  57.382   62.1302  57.9267  57.4322  52.028   61.8639  85.5859  89.6865  86.6569  78.5511  65.7314  52.1504 117.8817 122.3533 121.0762 106.1058  88.3508 148.089  147.0458 131.578  155.1578]
 [ 53.7516  59.5702  69.2032  69.4532  71.8453  67.8094  55.0676  79.2392  94.2218 100.1361  96.8014  87.0711  71.5533 105.5685 124.5748 135.4704 127.4466 113.4044 147.0458 160.2276 152.3296 163.3045]
 [ 54.5449  53.8771  64.5028  67.9881  75.3145  76.0173  45.6149  66.4061  83.9667  94.0663 102.0607 103.5502  88.9839  86.9874 109.3832 126.2792 134.0126 134.0449 131.578  152.3296 160.1052 159.5425]
 [ 40.7386  48.1168  54.8599  54.0098  57.8366  55.97    49.5511  69.1787  79.7686  82.5861  82.8866  76.4968  64.6236 101.645  115.119  122.4522 117.9372 107.6154 155.1578 163.3045 159.5425 195.9235]]

A09 session E role train R =
[[ 90.3638  71.5905  83.2925  90.586   86.0148  78.5647  40.9824  58.0539  71.8586  80.4877  76.7232  66.2492  55.1112  42.2239  57.2447  64.3696  64.6124  58.2979  41.3668  51.4464  52.1383  37.6505]
 [ 71.5905  79.1331  81.6145  78.6477  68.8922  60.0926  57.8643  81.2094  81.6103  77.4003  66.0278  52.0558  40.4496  70.8077  72.2895  68.8806  60.5009  49.1395  58.3084  59.7806  53.7161  48.042 ]
 [ 83.2925  81.6145  91.4547  92.9823  83.4537  72.2623  55.1358  80.2708  89.7989  91.9496  80.736   64.0862  50.4424  69.0225  79.0376  80.6807  73.3806  60.7221  62.7656  69.2832  64.296   54.6457]
 [ 90.586   78.6477  92.9823 101.9549  93.9575  83.6115  47.1476  70.5639  87.4173  98.6033  90.137   75.3991  59.5952  57.4778  74.8857  83.9066  80.5209  69.7826  58.1787  70.1024  68.4815  53.7915]
 [ 86.0148  68.8922  83.4537  93.9575  96.4576  91.7656  40.6009  60.4332  79.0075  93.04    96.1378  92.8404  76.5556  50.5482  70.4202  82.9365  88.9469  87.7762  57.4563  72.7212  77.0081  58.2219]
 [ 78.5647  60.0926  72.2623  83.6115  91.7656  94.5896  33.8127  50.7842  67.3421  82.3242  93.0351 101.6949  87.0665  41.6715  60.2755  74.661   87.6851  95.6155  50.2565  66.6176  76.0055  54.5095]
 [ 40.9824  57.8643  55.1358  47.1476  40.6009  33.8127  60.1091  77.1298  66.6831  52.9396  43.1257  31.4527  23.7532  82.848   69.8842  56.7359  45.1958  34.2166  65.1485  56.8724  46.4747  51.9955]
 [ 58.0539  81.2094  80.2708  70.5639  60.4332  50.7842  77.1298 112.3409  99.5236  81.2571  65.5579  49.0085  36.4413 118.2669 102.7253  85.8741  68.9267  52.988   91.6342  83.4039  69.6595  73.9273]
 [ 71.8586  81.6103  89.7989  87.4173  79.0075  67.3421  66.6831  99.5236 104.6592 100.6408  86.1911  66.9616  51.7284 102.79   106.6977 103.151   88.9745  71.6125  95.0775  98.2505  87.3784  84.6855]
 [ 80.4877  77.4003  91.9496  98.6033  93.04    82.3242  52.9396  81.2571 100.6408 113.2927 102.0558  84.9019  66.4136  79.94   100.3803 112.1603 103.8875  88.5902  88.8564 103.866   98.4675  86.4384]
 [ 76.7232  66.0278  80.736   90.137   96.1378  93.0351  43.1257  65.5579  86.1911 102.0558 109.8796 112.7048  92.4511  64.9659  87.9465 104.8239 114.4041 117.0148  81.5711 101.3992 107.5676  87.7292]
 [ 66.2492  52.0558  64.0862  75.3991  92.8404 101.6949  31.4527  49.0085  66.9616  84.9019 112.7048 146.9664 124.8636  48.03    69.5771  90.4943 119.8898 147.8403  67.4997  90.5061 109.8648  80.4478]
 [ 55.1112  40.4496  50.4424  59.5952  76.5556  87.0665  23.7532  36.4413  51.7284  66.4136  92.4511 124.8636 116.3432  35.0857  54.091   72.241  100.4474 129.0806  53.3261  74.3749  94.8795  68.1167]
 [ 42.2239  70.8077  69.0225  57.4778  50.5482  41.6715  82.848  118.2669 102.79    79.94    64.9659  48.03    35.0857 150.1864 126.1132 103.711   81.151   62.0287 130.647  114.9621  94.3134 113.5506]
 [ 57.2447  72.2895  79.0376  74.8857  70.4202  60.2755  69.8842 102.7253 106.6977 100.3803  87.9465  69.5771  54.091  126.1132 127.5698 123.1796 104.9587  85.1972 130.5694 131.746  115.9379 124.5774]
 [ 64.3696  68.8806  80.6807  83.9066  82.9365  74.661   56.7359  85.8741 103.151  112.1603 104.8239  90.4943  72.241  103.711  123.1796 136.2468 125.2652 108.7368 127.6997 144.018  135.1997 133.0181]
 [ 64.6124  60.5009  73.3806  80.5209  88.9469  87.6851  45.1958  68.9267  88.9745 103.8875 114.4041 119.8898 100.4474  81.151  104.9587 125.2652 135.9886 139.6346 110.9948 134.5792 141.9355 126.588 ]
 [ 58.2979  49.1395  60.7221  69.7826  87.7762  95.6155  34.2166  52.988   71.6125  88.5902 117.0148 147.8403 129.0806  62.0287  85.1972 108.7368 139.6346 167.5375  93.1047 119.9494 142.1059 115.8372]
 [ 41.3668  58.3084  62.7656  58.1787  57.4563  50.2565  65.1485  91.6342  95.0775  88.8564  81.5711  67.4997  53.3261 130.647  130.5694 127.6997 110.9948  93.1047 157.4252 155.1996 138.2949 167.3506]
 [ 51.4464  59.7806  69.2832  70.1024  72.7212  66.6176  56.8724  83.4039  98.2505 103.866  101.3992  90.5061  74.3749 114.9621 131.746  144.018  134.5792 119.9494 155.1996 170.3655 161.5142 176.2555]
 [ 52.1383  53.7161  64.296   68.4815  77.0081  76.0055  46.4747  69.6595  87.3784  98.4675 107.5676 109.8648  94.8795  94.3134 115.9379 135.1997 141.9355 142.1059 138.2949 161.5142 168.1398 170.1125]
 [ 37.6505  48.042   54.6457  53.7915  58.2219  54.5095  51.9955  73.9273  84.6855  86.4384  87.7292  80.4478  68.1167 113.5506 124.5774 133.0181 126.588  115.8372 167.3506 176.2555 170.1125 214.5703]]

A02 session T role validation R =
[[46.3783 37.9359 43.9453 47.0002 45.1916 41.8201 24.1422 32.5437 39.6772 42.6566 41.8002 38.2275 33.667  28.977  34.2462 35.6915 36.1031 34.4961 26.8135 30.4289 29.9238 22.9224]
 [37.9359 36.0208 38.8941 40.3622 37.4998 34.6664 24.6515 32.1298 36.1638 38.048  35.6359 32.5278 27.5437 28.7809 31.7713 32.6698 31.7934 29.7219 25.4036 27.8296 26.7027 20.9532]
 [43.9453 38.8941 44.7041 46.8865 44.4138 40.2338 25.8603 34.7038 41.6598 44.3372 42.3221 37.8915 32.6495 31.5545 36.6066 37.6481 37.2737 34.9325 29.0588 32.2737 31.2223 24.446 ]
 [47.0002 40.3622 46.8865 51.1908 48.3281 44.6541 25.449  35.7945 43.5322 48.0759 45.7644 41.8596 35.5813 32.647  38.0357 40.3963 40.1888 37.964  30.3174 34.1804 33.4118 25.8658]
 [45.1916 37.4998 44.4138 48.3281 49.3694 44.9835 24.1828 33.5565 41.8598 46.129  45.8387 42.5983 37.4969 31.0485 37.2032 39.4848 40.3961 38.9271 29.8793 34.1003 33.8928 26.1536]
 [41.8201 34.6664 40.2338 44.6541 44.9835 45.2768 21.8995 31.137  38.0782 42.8172 43.2705 42.5006 38.1261 29.0222 34.2298 37.3963 38.7989 38.4083 28.1287 32.4905 32.8748 25.3   ]
 [24.1422 24.6515 25.8603 25.449  24.1828 21.8995 22.9684 24.2906 25.3731 25.1081 23.7573 21.2074 18.4135 22.3876 23.3927 22.612  21.7189 20.0959 19.1495 19.9818 18.721  15.2688]
 [32.5437 32.1298 34.7038 35.7945 33.5565 31.137  24.2906 31.4606 34.4053 35.8488 33.321  30.5097 25.7145 30.0525 32.0335 32.4612 31.0608 28.8223 26.9706 28.5614 27.0448 22.3209]
 [39.6772 36.1638 41.6598 43.5322 41.8598 38.0782 25.3731 34.4053 41.2166 43.8248 41.6202 37.3589 32.122  33.0454 37.8763 38.9488 38.155  35.5518 31.3974 34.282  32.9643 26.7837]
 [42.6566 38.048  44.3372 48.0759 46.129  42.8172 25.1081 35.8488 43.8248 49.0791 46.2463 42.3504 35.8791 34.547  40.2622 43.1471 42.5463 39.9242 33.4309 37.3735 36.4323 29.0955]
 [41.8002 35.6359 42.3221 45.7644 45.8387 43.2705 23.7573 33.321  41.6202 46.2463 46.1563 43.3565 38.22   32.2008 38.5278 41.3308 42.387  41.0603 32.1463 36.6168 36.5884 28.8838]
 [38.2275 32.5278 37.8915 41.8596 42.5983 42.5006 21.2074 30.5097 37.3589 42.3504 43.3565 43.6704 39.3509 29.7139 35.0239 38.7588 40.7193 40.9482 29.9834 34.6934 35.566  27.8513]
 [33.667  27.5437 32.6495 35.5813 37.4969 38.1261 18.4135 25.7145 32.122  35.8791 38.22   39.3509 39.1905 25.0944 30.3235 33.2806 36.0021 37.3258 26.0637 30.5356 31.9608 25.0548]
 [28.977  28.7809 31.5545 32.647  31.0485 29.0222 22.3876 30.0525 33.0454 34.547  32.2008 29.7139 25.0944 31.2385 32.8812 33.291  31.5856 29.264  29.8227 30.7415 28.9276 25.4878]
 [34.2462 31.7713 36.6066 38.0357 37.2032 34.2298 23.3927 32.0335 37.8763 40.2622 38.5278 35.0239 30.3235 32.8812 37.1088 38.1326 37.1422 34.6688 32.7996 35.1035 33.645  28.816 ]
 [35.6915 32.6698 37.6481 40.3963 39.4848 37.3963 22.612  32.4612 38.9488 43.1471 41.3308 38.7588 33.2806 33.291  38.1326 41.0505 40.4539 38.263  34.0684 37.5655 36.7275 30.935 ]
 [36.1031 31.7934 37.2737 40.1888 40.3961 38.7989 21.7189 31.0608 38.155  42.5463 42.387  40.7193 36.0021 31.5856 37.1422 40.4539 41.5211 40.331  32.9845 37.3283 37.5752 30.8427]
 [34.4961 29.7219 34.9325 37.964  38.9271 38.4083 20.0959 28.8223 35.5518 39.9242 41.0603 40.9482 37.3258 29.264  34.6688 38.263  40.331  40.7431 30.9781 35.6863 36.8657 29.8212]
 [26.8135 25.4036 29.0588 30.3174 29.8793 28.1287 19.1495 26.9706 31.3974 33.4309 32.1463 29.9834 26.0637 29.8227 32.7996 34.0684 32.9845 30.9781 32.1698 33.5132 32.0882 29.9666]
 [30.4289 27.8296 32.2737 34.1804 34.1003 32.4905 19.9818 28.5614 34.282  37.3735 36.6168 34.6934 30.5356 30.7415 35.1035 37.5655 37.3283 35.6863 33.5132 36.5796 35.94   32.0807]
 [29.9238 26.7027 31.2223 33.4118 33.8928 32.8748 18.721  27.0448 32.9643 36.4323 36.5884 35.566  31.9608 28.9276 33.645  36.7275 37.5752 36.8657 32.0882 35.94   36.4912 31.7719]
 [22.9224 20.9532 24.446  25.8658 26.1536 25.3    15.2688 22.3209 26.7837 29.0955 28.8838 27.8513 25.0548 25.4878 28.816  30.935  30.8427 29.8212 29.9666 32.0807 31.7719 30.8832]]

A02 session E role validation R =
[[ 95.0796  87.5825  92.9362  95.8371  93.6406  90.2342  74.353   81.721   87.8652  90.7359  89.4356  85.9757  80.4366  77.2485  81.4522  83.2061  83.3535  81.4695  74.0045  77.1291  76.2484  68.8925]
 [ 87.5825  86.7997  88.8299  89.9959  86.6292  83.8146  76.1053  82.5344  85.5261  87.1451  84.3148  81.2213  75.5237  78.3078  80.2469  81.2403  80.1131  77.8073  73.776   75.7976  74.214   68.0312]
 [ 92.9362  88.8299  94.1448  96.2543  93.1096  88.7772  76.4513  84.3793  90.5125  93.1271  90.5163  85.9847  79.5726  80.403   84.4548  85.8132  85.0842  82.3528  76.8013  79.5919  78.1016  70.8316]
 [ 95.8371  89.9959  96.2543 100.4279  96.8616  92.7862  75.7947  85.1213  92.1896  96.636   93.7205  89.5528  81.9331  81.0963  85.5674  88.2587  87.6966  84.9954  77.6807  81.0717  79.8958  71.83  ]
 [ 93.6406  86.6292  93.1096  96.8616  95.8905  92.8458  74.1519  82.3537  89.822   93.9324  93.2699  90.0633  83.5719  79.0317  84.1163  86.7344  87.4271  85.6783  76.7392  80.4538  79.8901  71.668 ]
 [ 90.2342  83.8146  88.7772  92.7862  92.8458  92.6822  72.2475  80.0004  86.0706  90.4515  90.8137  90.2992  84.7289  77.1388  81.2998  84.6798  86.0643  85.5948  75.2035  79.0435  79.15    71.073 ]
 [ 74.353   76.1053  76.4513  75.7947  74.1519  72.2475  74.433   75.6815  75.9908  75.4616  73.8376  71.5197  68.6169  73.6388  73.553   72.7183  71.6891  70.0685  69.3976  69.9022  68.115   64.2698]
 [ 81.721   82.5344  84.3793  85.1213  82.3537  80.0004  75.6815  81.6768  83.7835  84.8144  81.9549  79.0907  73.6843  79.5756  80.5445  80.9264  79.3408  76.9141  75.2932  76.5904  74.5588  69.2777]
 [ 87.8652  85.5261  90.5125  92.1896  89.822   86.0706  75.9908  83.7835  89.7245  92.2054  89.5322  85.1913  78.9064  81.87    85.6492  86.952   85.8529  82.9339  79.1389  81.6595  79.8705  73.1255]
 [ 90.7359  87.1451  93.1271  96.636   93.9324  90.4515  75.4616  84.8144  92.2054  97.1386  93.8847  89.7653  82.0622  82.7977  87.5235  90.703   89.8318  86.8404  80.5842  84.1011  82.7868  74.7956]
 [ 89.4356  84.3148  90.5163  93.7205  93.2699  90.8137  73.8376  81.9549  89.5322  93.8847  93.5863  90.9124  84.3854  80.2673  85.521   88.6897  89.6733  88.1353  79.2042  83.2031  82.9082  74.5261]
 [ 85.9757  81.2213  85.9847  89.5528  90.0633  90.2992  71.5197  79.0907  85.1913  89.7653  90.9124  91.5429  85.9769  77.7018  81.9571  85.9246  88.0578  88.3247  76.9616  81.167   81.8561  73.4338]
 [ 80.4366  75.5237  79.5726  81.9331  83.5719  84.7289  68.6169  73.6843  78.9064  82.0622  84.3854  85.9769  86.2468  72.5467  76.4009  79.4086  82.238   83.8777  72.4599  76.2799  77.5149  70.2608]
 [ 77.2485  78.3078  80.403   81.0963  79.0317  77.1388  73.6388  79.5756  81.87    82.7977  80.2673  77.7018  72.5467  80.3715  80.9623  81.1932  79.394   76.9644  77.8416  78.5363  76.1655  72.1276]
 [ 81.4522  80.2469  84.4548  85.5674  84.1163  81.2998  73.553   80.5445  85.6492  87.5235  85.521   81.9571  76.4009  80.9623  84.2994  85.101   83.9298  81.2619  79.7787  81.76    79.8174  74.3437]
 [ 83.2061  81.2403  85.8132  88.2587  86.7344  84.6798  72.7183  80.9264  86.952   90.703   88.6897  85.9246  79.4086  81.1932  85.101   88.1573  87.4724  85.0618  80.8843  84.0989  82.8905  76.192 ]
 [ 83.3535  80.1131  85.0842  87.6966  87.4271  86.0643  71.6891  79.3408  85.8529  89.8318  89.6733  88.0578  82.238   79.394   83.9298  87.4724  88.5241  87.3716  79.8163  83.7804  83.7999  76.1744]
 [ 81.4695  77.8073  82.3528  84.9954  85.6783  85.5948  70.0685  76.9141  82.9339  86.8404  88.1353  88.3247  83.8777  76.9644  81.2619  85.0618  87.3716  87.8901  77.786   82.021   83.0811  75.2108]
 [ 74.0045  73.776   76.8013  77.6807  76.7392  75.2035  69.3976  75.2932  79.1389  80.5842  79.2042  76.9616  72.4599  77.8416  79.7787  80.8843  79.8163  77.786   79.2045  80.4014  78.4854  75.6066]
 [ 77.1291  75.7976  79.5919  81.0717  80.4538  79.0435  69.9022  76.5904  81.6595  84.1011  83.2031  81.167   76.2799  78.5363  81.76    84.0989  83.7804  82.021   80.4014  83.2026  81.9719  77.4229]
 [ 76.2484  74.214   78.1016  79.8958  79.8901  79.15    68.115   74.5588  79.8705  82.7868  82.9082  81.8561  77.5149  76.1655  79.8174  82.8905  83.7999  83.0811  78.4854  81.9719  82.2234  76.6707]
 [ 68.8925  68.0312  70.8316  71.83    71.668   71.073   64.2698  69.2777  73.1255  74.7956  74.5261  73.4338  70.2608  72.1276  74.3437  76.192   76.1744  75.2108  75.6066  77.4229  76.6707  75.0784]]

A01 session T role TEST R =
[[41.7744 34.6906 40.1273 42.4019 40.4311 35.9742 19.5038 27.3145 33.7144 36.4685 35.0415 29.4071 22.6062 21.1753 26.5133 27.727  27.2421 23.6409 18.5435 20.4568 19.3426 13.1498]
 [34.6906 36.638  38.3467 37.8543 33.9757 29.7531 23.7556 31.7343 34.723  35.2789 31.275  26.0555 18.897  26.1227 28.8375 28.7704 26.359  22.133  22.0595 22.4145 20.136  15.3778]
 [40.1273 38.3467 43.2261 43.5757 40.2284 34.6351 23.8033 32.8311 38.79   40.4584 37.0162 30.2996 22.4772 27.0379 32.1257 32.5412 30.6107 25.8852 23.9369 25.2109 23.0835 17.1164]
 [42.4019 37.8543 43.5757 47.0794 43.7923 38.9984 21.9836 31.9696 38.8336 43.0493 39.9828 33.8819 24.7687 26.3287 31.9906 34.2063 32.793  28.2198 23.6578 25.8241 24.2534 17.2463]
 [40.4311 33.9757 40.2284 43.7923 43.744  40.0315 20.6104 29.2098 36.5277 40.7652 40.5428 35.5278 27.3109 24.8184 31.0407 33.367  33.6069 30.2746 23.4347 26.1729 25.4371 17.9429]
 [35.9742 29.7531 34.6351 38.9984 40.0315 39.6031 17.7934 25.763  31.58   36.3567 37.5186 35.8623 28.8376 22.2705 27.2916 30.5737 32.0606 30.7212 21.328  24.4633 24.8762 17.1758]
 [19.5038 23.7556 23.8033 21.9836 20.6104 17.7934 23.9513 26.203  25.5246 23.5132 21.1781 17.7663 13.6954 26.089  25.3195 22.8698 20.335  17.362  22.8978 21.0551 18.0876 16.5453]
 [27.3145 31.7343 32.8311 31.9696 29.2098 25.763  26.203  33.7505 34.4154 33.669  29.6578 25.3215 18.3366 32.6413 33.0546 31.6148 28.1703 23.9681 29.0355 27.7939 24.3601 21.2689]
 [33.7144 34.723  38.79   38.8336 36.5277 31.58   25.5246 34.4154 39.2799 40.2631 36.6243 30.5487 22.6912 32.2739 36.3875 36.307  33.4517 28.6014 30.2937 30.8471 27.865  22.8509]
 [36.4685 35.2789 40.4584 43.0493 40.7652 36.3567 23.5132 33.669  40.2631 44.6573 40.9841 35.2894 25.8266 31.0647 36.8284 39.5014 37.2234 32.3544 30.079  32.3861 30.2665 23.4866]
 [35.0415 31.275  37.0162 39.9828 40.5428 37.5186 21.1781 29.6578 36.6243 40.9841 41.3047 37.7078 29.3693 27.7481 34.0193 37.0926 37.8476 35.3951 28.2434 31.676  31.4588 23.5805]
 [29.4071 26.0555 30.2996 33.8819 35.5278 35.8623 17.7663 25.3215 30.5487 35.2894 37.7078 38.9701 32.1567 24.5408 29.4541 33.7123 36.8447 37.8174 25.9134 30.2042 32.0848 23.4083]
 [22.6062 18.897  22.4772 24.7687 27.3109 28.8376 13.6954 18.3366 22.6912 25.8266 29.3693 32.1567 31.7188 17.9684 22.2809 25.4505 29.3998 32.2345 19.9303 23.94   26.6252 19.2947]
 [21.1753 26.1227 27.0379 26.3287 24.8184 22.2705 26.089  32.6413 32.2739 31.0647 27.7481 24.5408 17.9684 36.9731 35.5967 33.5435 29.6611 25.8696 35.4303 33.051  28.8325 27.8912]
 [26.5133 28.8375 32.1257 31.9906 31.0407 27.2916 25.3195 33.0546 36.3875 36.8284 34.0193 29.4541 22.2809 35.5967 38.3432 37.9454 34.7694 30.5416 36.0131 35.9215 32.4013 29.2231]
 [27.727  28.7704 32.5412 34.2063 33.367  30.5737 22.8698 31.6148 36.307  39.5014 37.0926 33.7123 25.4505 33.5435 37.9454 40.835  38.5192 34.9002 35.5723 37.9169 35.8152 30.7436]
 [27.2421 26.359  30.6107 32.793  33.6069 32.0606 20.335  28.1703 33.4517 37.2234 37.8476 36.8447 29.3998 29.6611 34.7694 38.5192 39.856  38.9031 32.8228 36.8879 37.4893 30.4964]
 [23.6409 22.133  25.8852 28.2198 30.2746 30.7212 17.362  23.9681 28.6014 32.3544 35.3951 37.8174 32.2345 25.8696 30.5416 34.9002 38.9031 41.4205 29.9317 35.0155 38.0081 29.9165]
 [18.5435 22.0595 23.9369 23.6578 23.4347 21.328  22.8978 29.0355 30.2937 30.079  28.2434 25.9134 19.9303 35.4303 36.0131 35.5723 32.8228 29.9317 39.2811 38.4901 35.0825 35.8482]
 [20.4568 22.4145 25.2109 25.8241 26.1729 24.4633 21.0551 27.7939 30.8471 32.3861 31.676  30.2042 23.94   33.051  35.9215 37.9169 36.8879 35.0155 38.4901 40.8459 39.3924 37.9682]
 [19.3426 20.136  23.0835 24.2534 25.4371 24.8762 18.0876 24.3601 27.865  30.2665 31.4588 32.0848 26.6252 28.8325 32.4013 35.8152 37.4893 38.0081 35.0825 39.3924 40.9444 37.4582]
 [13.1498 15.3778 17.1164 17.2463 17.9429 17.1758 16.5453 21.2689 22.8509 23.4866 23.5805 23.4083 19.2947 27.8912 29.2231 30.7436 30.4964 29.9165 35.8482 37.9682 37.4582 41.9408]]

A01 session E role TEST R =
[[41.2637 35.0965 40.355  42.1856 40.0147 35.7959 21.0003 28.3721 34.2947 36.7239 34.8108 29.4577 23.2257 21.8555 26.5234 28.3753 27.7692 23.923  19.3279 20.9509 20.141  14.0066]
 [35.0965 37.6496 39.079  38.3318 34.5874 30.4416 25.5255 33.0097 35.6699 36.0395 31.7447 26.6553 19.9536 26.9162 29.1872 29.5792 27.1728 22.7436 22.7513 23.038  20.9134 16.2169]
 [40.355  39.079  43.6738 43.7155 40.407  34.9972 25.2198 33.6824 39.2215 40.6316 36.8584 30.3954 23.1461 27.2395 31.6818 32.7336 30.8207 25.9168 24.0255 25.1281 23.2969 17.3665]
 [42.1856 38.3318 43.7155 46.7458 43.4775 38.9647 23.3364 32.6804 38.9848 42.7228 39.3871 33.6087 25.2018 26.5527 31.3612 34.1474 32.7154 27.9631 23.8322 25.62   24.3766 17.536 ]
 [40.0147 34.5874 40.407  43.4775 43.2335 39.727  22.1476 30.166  36.8918 40.6447 40.048  35.2548 27.645  25.4662 30.7885 33.6107 33.7021 30.1295 24.0336 26.2748 25.8433 18.525 ]
 [35.7959 30.4416 34.9972 38.9647 39.727  39.3257 19.3633 26.7296 32.0788 36.437  37.3427 35.7879 29.2985 23.0108 27.2692 30.9692 32.3103 30.7498 22.1126 24.7292 25.5044 17.9184]
 [21.0003 25.5255 25.2198 23.3364 22.1476 19.3633 26.348  28.0135 26.9472 24.7952 22.4687 19.0997 15.2498 27.7786 26.6138 23.9871 21.5745 18.5759 24.0513 22.2558 19.1788 17.8482]
 [28.3721 33.0097 33.6824 32.6804 30.166  26.7296 28.0135 34.8595 34.9762 34.0782 30.0785 25.7712 19.2016 33.0353 33.0068 31.6105 28.3774 24.1268 28.8526 27.6673 24.2727 21.3284]
 [34.2947 35.6699 39.2215 38.9848 36.8918 32.0788 26.9472 34.9762 39.3949 40.0799 36.3743 30.474  23.1719 32.2502 35.6563 35.8506 33.142  28.2446 29.815  30.1917 27.3957 22.5531]
 [36.7239 36.0395 40.6316 42.7228 40.6447 36.437  24.7952 34.0782 40.0799 43.8747 40.1666 34.7322 26.0116 30.9145 35.6933 38.6111 36.4302 31.5451 29.5456 31.3591 29.5151 22.9911]
 [34.8108 31.7447 36.8584 39.3871 40.048  37.3427 22.4687 30.0785 36.3743 40.1666 40.5348 37.2853 29.6443 27.9098 33.1544 36.4854 37.2729 34.8954 28.1763 30.9948 31.1831 23.4789]
 [29.4577 26.6553 30.3954 33.6087 35.2548 35.7879 19.0997 25.7712 30.474  34.7322 37.2853 38.699  32.5572 24.7737 28.8374 33.2676 36.3447 37.4158 26.0084 29.6253 32.0094 23.4025]
 [23.2257 19.9536 23.1461 25.2018 27.645  29.2985 15.2498 19.2016 23.1719 26.0116 29.6443 32.5572 32.6208 18.6315 22.3053 25.6684 29.5103 32.4359 20.5437 23.9955 27.1668 19.8053]
 [21.8555 26.9162 27.2395 26.5527 25.4662 23.0108 27.7786 33.0353 32.2502 30.9145 27.9098 24.7737 18.6315 37.4736 35.5157 33.0159 29.4227 25.8068 35.0151 32.6815 28.2836 27.7163]
 [26.5234 29.1872 31.6818 31.3612 30.7885 27.2692 26.6138 33.0068 35.6563 35.6933 33.1544 28.8374 22.3053 35.5157 37.2932 36.556  33.6213 29.6321 35.1165 34.6921 31.158  28.4598]
 [28.3753 29.5792 32.7336 34.1474 33.6107 30.9692 23.9871 31.6105 35.8506 38.6111 36.4854 33.2676 25.6684 33.0159 36.556  39.2938 37.2559 33.8975 34.2785 36.106  34.2467 29.315 ]
 [27.7692 27.1728 30.8207 32.7154 33.7021 32.3103 21.5745 28.3774 33.142  36.4302 37.2729 36.3447 29.5103 29.4227 33.6213 37.2559 38.5181 37.8214 31.9162 35.2019 36.0745 29.2016]
 [23.923  22.7436 25.9168 27.9631 30.1295 30.7498 18.5759 24.1268 28.2446 31.5451 34.8954 37.4158 32.4359 25.8068 29.6321 33.8975 37.8214 40.6999 29.4742 33.7623 37.2011 29.1772]
 [19.3279 22.7513 24.0255 23.8322 24.0336 22.1126 24.0513 28.8526 29.815  29.5456 28.1763 26.0084 20.5437 35.0151 35.1165 34.2785 31.9162 29.4742 37.5946 36.8758 33.4886 34.1607]
 [20.9509 23.038  25.1281 25.62   26.2748 24.7292 22.2558 27.6673 30.1917 31.3591 30.9948 29.6253 23.9955 32.6815 34.6921 36.106  35.2019 33.7623 36.8758 38.5471 37.0554 35.7037]
 [20.141  20.9134 23.2969 24.3766 25.8433 25.5044 19.1788 24.2727 27.3957 29.5151 31.1831 32.0094 27.1668 28.2836 31.158  34.2467 36.0745 37.2011 33.4886 37.0554 38.8417 35.0098]
 [14.0066 16.2169 17.3665 17.536  18.525  17.9184 17.8482 21.3284 22.5531 22.9911 23.4789 23.4025 19.8053 27.7163 28.4598 29.315  29.2016 29.1772 34.1607 35.7037 35.0098 39.1159]]

